#Length	Count
398	2
384	3
428	9
443	11699
455	1458
386	1
358	1
407	3
460	2714
445	2260
457	626
453	1012
366	2
376	2
383	1
433	5
334	1
359	1
437	79
440	2792
463	348
424	11
458	4805
400	3
451	78
430	1
454	211
447	1320
395	2
379	2
414	7
462	421
477	8
415	1
423	2277
468	429
342	4
452	120
347	3
475	21
480	27
441	42195
438	144
434	9
360	1
397	1
467	6245
481	2
474	88
419	7
444	4535
378	1
422	124
476	64
374	3
442	25820
406	5
429	3
417	3
396	2
431	5
482	5
382	4
337	2
432	1
409	2
459	1618
405	6
340	2
449	220
371	2
370	1
470	17
346	3
389	2
469	263
435	25
402	17
401	15
375	2
416	2
338	1
380	1
403	1
466	31365
418	3
484	4
381	3
471	10
465	12791
348	1
345	1
421	15
392	5
450	108
404	4
373	3
387	1
412	4
446	9131
420	6
464	1623
363	1
354	5
352	1
461	7966
399	2
364	1
355	2
473	5
479	2
426	14
436	62
425	9
472	1
408	3
448	1353
456	2053
362	1
439	419
483	4
411	1
372	2
478	6
