#Length	Count
384	3
398	8
443	11207
386	2
407	6
358	2
445	2190
376	4
437	53
463	2471
368	2
424	9
458	9379
400	6
451	260
454	129
395	10
343	1
468	2215
347	1
475	10
441	29564
397	5
413	3
434	41
349	3
378	6
350	1
374	6
442	13991
429	12
431	6
337	1
382	1
409	10
432	3
459	1229
371	6
346	1
389	3
435	114
427	8
401	11
333	1
339	5
418	7
471	4
361	1
465	20243
345	1
348	3
404	5
412	11
385	2
446	8357
420	6
352	1
344	1
364	4
388	3
355	1
479	11
426	15
369	3
367	1
448	628
483	16
357	6
372	4
391	1
428	13
455	1233
460	3885
457	1624
453	296
433	16
383	4
351	1
410	4
334	1
359	1
440	2170
430	11
377	2
447	738
379	5
462	1494
414	4
477	68
423	748
415	5
452	209
394	2
480	10
341	4
438	125
467	23701
360	7
474	71
481	11
419	8
444	2819
422	30
476	114
406	12
417	5
396	5
482	13
393	3
449	830
405	7
365	2
370	1
470	22
469	172
402	9
353	6
375	2
416	3
380	4
403	3
466	39054
484	21
381	2
421	12
392	1
450	661
373	8
387	2
464	6673
363	1
354	10
461	8589
399	9
473	6
436	68
332	1
390	2
425	14
456	2113
408	6
472	6
356	2
439	267
362	5
411	6
478	239
