#Base	Mean
1	32.81827605970744
2	34.034902439632184
3	32.61328714894465
4	32.61712975653517
5	33.63967704154103
6	38.024560791447584
7	38.544738219242944
8	38.92900894614867
9	38.33651473996362
10	38.10130828079444
11	38.60552219093424
12	38.82024471080764
13	39.06753220862718
14	39.0054474320317
15	39.14200204341
16	39.091180941463776
17	39.060823843105986
18	38.821625258541204
19	38.660230755812506
20	38.722549776969274
21	39.10577387923945
22	38.95671957935657
23	38.870677066460665
24	39.12654190236487
25	39.235744723267466
26	38.53440155498517
27	38.730334670687036
28	39.04788556903985
29	38.704846868847966
30	38.527588527000425
31	38.26856886540906
32	38.973654962745144
33	38.96966782127638
34	39.04314087069202
35	39.09491888659075
36	39.16350270378031
37	39.087562610580875
38	38.80660370305764
39	38.71764060903586
40	38.98449500361335
41	38.57707892048145
42	39.021057090881904
43	38.98877121283859
44	38.745550599317205
45	38.651603578459465
46	39.08252386054973
47	38.98009918014404
48	39.118273567744026
49	38.99416880560193
50	38.62013008049042
51	38.59077475142665
52	38.472805203219615
53	38.65355229385233
54	38.935652520621
55	38.901906352014755
56	38.47800842283635
57	38.809653866281245
58	38.6428617707892
59	38.75604674923372
60	38.89086695407311
61	38.926935632584915
62	38.86556854145381
63	38.75542375837923
64	38.92309800892123
65	38.42717236910962
66	38.60908071469511
67	37.883017269306485
68	37.99586334072616
69	38.200931994318324
70	38.662119664083335
71	38.57323132896409
72	38.2642079294276
73	38.86910712950734
74	38.80134067631887
75	38.74640285080615
76	38.82233796007875
77	38.53108724363926
78	38.32223080565177
79	38.515901218570114
80	38.6257270303272
81	38.75750205586982
82	38.57859403423958
83	38.69723641256947
84	38.8955917167136
85	38.19265867577064
86	38.228308704428215
87	38.28999975080366
88	38.40859727379202
89	38.726591741633236
90	38.70466246355503
91	38.952244013057886
92	38.982586159635176
93	38.51376311395749
94	38.439078970320715
95	38.09266116773406
96	38.55464128186598
97	38.38492860524808
98	38.198998230705975
99	38.50532532582422
100	38.16274016297441
101	37.916449450522066
102	36.07516758453986
103	37.04259263874006
104	37.598569612998084
105	38.44740212813676
106	38.618271075780605
107	38.632270926262805
108	38.51777517506043
109	38.33080315980961
110	38.71617035061925
111	38.70964140646415
112	38.69594059159211
113	38.37919210545989
114	38.18485384634553
115	38.20417653068853
116	38.1206957561863
117	38.016770913802986
118	38.05312367614444
119	38.09916020832814
120	38.12907872112437
121	38.15249819332652
122	37.999307234169805
123	38.008323157816044
124	38.008951132597375
125	38.011054349722144
126	38.103351690797176
127	38.07410102419696
128	37.966438236686685
129	38.04596177328117
130	37.88199058037828
131	37.86400857235416
132	37.95966508011662
133	37.905544618605
134	37.880545241595854
135	37.821400981833584
136	37.840265144907676
137	37.63500710209574
138	37.762590645169325
139	37.86227914974208
140	37.927957337586285
141	37.85493782551272
142	37.76896010366568
143	37.83591916070672
144	37.82562735179047
145	37.89370779236961
146	37.880231254205185
147	37.9070148770216
148	37.9151785491789
149	37.99887861646191
150	37.84154103017768
151	37.834199705948315
152	37.4841137332104
153	37.59532507662787
154	37.731899623713524
155	37.89402676368711
156	37.90373046923671
157	37.87899025642304
158	37.89494879015176
159	37.91743626803559
160	37.83259488150714
161	37.888783672655684
162	37.881611801938746
163	37.90766777143712
164	37.83919858456478
165	37.76179820080241
166	37.510732886441225
167	37.39355578260111
168	37.532029205811256
169	37.61732911360861
170	37.79999501607316
171	37.71293079817588
172	37.63071594108998
173	37.44134167310424
174	37.37957586782626
175	37.549941438859676
176	37.55427745520696
177	37.6018440529293
178	37.37058984774104
179	37.46281242991353
180	37.465329312965686
181	37.47052754865559
182	37.42426673976426
183	37.363432928804606
184	37.36386653043933
185	37.451842806947596
186	37.232634752921825
187	37.0282638490867
188	36.95403822671883
189	36.991766552867006
190	36.93631039896334
191	36.713175010590845
192	36.83375613645992
193	36.91901617284258
194	36.9712776296444
195	36.8619352587904
196	36.85695133195445
197	36.943153330509105
198	36.766308654588954
199	36.870711953948515
200	37.00297540432106
201	37.26587754491764
202	37.339933713773085
203	37.26686436243116
204	37.05093573226345
205	37.09964364923123
206	36.92386553365397
207	37.02653442647462
208	37.011333449624956
209	36.88217996959805
210	37.005950808642126
211	36.65438460963393
212	36.736978245159364
213	36.37257843454858
214	36.62832365620873
215	36.750733883226594
216	36.881502155548354
217	37.043788781180695
218	37.10976102070821
219	37.13224849859204
220	37.093000074758905
221	37.12328241421416
222	37.49624461112911
223	37.49105135936605
224	37.34556555109771
225	37.529701711978866
226	37.61403972189688
227	37.805337785641306
228	37.58101123875502
229	37.44053427695681
230	37.43463829150988
231	37.47507787385681
232	37.509576615415284
233	37.54081088489621
234	37.263071594109
235	37.301986094844125
236	37.32909367290488
237	37.26353509930474
238	37.162969423608864
239	37.34733982905131
240	37.39800642926562
241	37.520242218844224
242	37.519489645892
243	37.53078820802911
244	37.71928530489173
245	37.526207979266864
246	37.42511899125321
247	37.508036582022974
248	37.458182361882926
249	37.15464626579282
250	36.97506043011288
251	33.49529766503028
252	33.80923521642702
253	34.132313289640905
254	33.984868798126044
255	34.49224251787984
256	34.91888659074485
257	34.53976426026066
258	34.19352089511326
259	33.86540905579506
260	34.21795210446311
261	34.644735727279524
262	34.776122006528944
263	34.89772483739939
264	35.007211742131624
265	35.15280719679035
266	35.34426973012036
267	35.532412968177624
268	35.187814298886096
269	34.602197911734656
270	34.12616312392534
271	34.37091380298537
272	34.78897555383887
273	34.9071942983877
274	35.18155947070697
275	35.50348625682175
276	35.82286127239652
277	35.99214533130654
278	35.60609534252037
279	35.710289316952824
280	35.682035435719804
281	35.726367464925616
282	35.627486356500285
283	35.261686062448604
284	35.36023823170276
285	35.59060031398739
286	35.906875327070196
287	36.18838246654539
288	36.28262852301328
289	36.236118517780156
290	36.091888659074485
291	35.748047546662015
292	35.96971267661791
293	36.01263425452915
294	35.968381968152705
295	35.84264247800842
296	35.99266864362431
297	36.10669590570411
298	36.28958110094944
299	36.62773555284208
300	36.7551845298911
301	36.93010042612575
302	36.907189314460865
303	36.83755388870891
304	36.71060330434349
305	36.68287273542824
306	36.70604799521543
307	36.72957711380797
308	36.85754940317476
309	37.057634129930975
310	37.26219940691271
311	37.200289067756486
312	37.21030676069675
313	37.3125171322485
314	37.35855366443221
315	37.32835605173316
316	37.18359291285604
317	36.923038201799194
318	37.19460240723666
319	37.28565376660271
320	37.49842258715642
321	37.56790351117645
322	37.539669565650776
323	37.829604525405564
324	37.823668668543945
325	38.03540083231578
326	38.01982606095343
327	37.948221984101274
328	37.79580353360413
329	37.6133768596277
330	37.89235216427023
331	37.98696204739714
332	38.1044780582621
333	38.050567173700685
334	38.338252518154135
335	38.37469722191764
336	38.22418536497842
337	38.10219694779757
338	37.9775918182226
339	38.02477559422052
340	37.991427261309035
341	38.01658725253693
342	38.02176123449898
343	38.17199649108816
344	38.0639432590178
345	38.02768778348203
346	37.808955833902374
347	38.065783439998405
348	38.09405015277106
349	38.249307161655636
350	38.22979149740057
351	38.390384807097995
352	38.36607200713791
353	38.26377992004706
354	38.27740115247343
355	38.24728068513774
356	38.117925633471415
357	38.115239856629394
358	38.07137836315325
359	38.148291797737684
360	38.2008375292886
361	38.181874834856394
362	38.25792443987995
363	38.19546109474167
364	38.16743279355456
365	37.946547873082984
366	37.80978710674577
367	37.852983995612504
368	37.62211508259003
369	37.4627979677614
370	37.33687501246485
371	37.15014234928676
372	37.39389300797279
373	37.77171620469402
374	37.9656785260166
375	37.968395175003366
376	37.85421144227748
377	37.68754768541836
378	37.3327266108482
379	37.283146739808004
380	37.497676042290045
381	37.57774940653115
382	37.71942607498728
383	37.80357882032587
384	37.90750041145285
385	37.961133332668346
386	37.92607628775486
387	38.113904100707224
388	38.255381546134664
389	38.23655216786286
390	38.20750745658224
391	38.18363326217505
392	38.07629270141802
393	37.97243254027632
394	37.97250195773292
395	37.67750205751054
396	37.47065718917571
397	37.42379907218037
398	37.70420272865587
399	38.04518674828018
400	38.12706537356322
401	38.146486265353566
402	38.0730475824598
403	37.96034866431829
404	37.913845493690715
405	37.880966399552925
406	37.89946957940591
407	37.95261857830784
408	38.070951998363185
409	38.19753671718659
410	38.241055431620026
411	38.32963182927499
412	38.48289853915144
413	38.48222628174413
414	38.42808299517342
415	38.38597918590432
416	38.47387441349706
417	38.40537693985634
418	38.27999021624104
419	38.30409085236491
420	38.21804939171413
421	38.281232683177656
422	38.316172322378044
423	38.31023773025281
424	38.47097298028779
425	38.639931432695775
426	38.637585339201394
427	38.57479584726518
428	38.40699837072315
429	38.37269254294051
430	38.27349210328403
431	38.305065709314626
432	38.224521518504964
433	38.27022012736298
434	38.43927708184982
435	38.44083200834616
436	38.480846536417424
437	38.60062452620851
438	38.53179202362181
439	38.56084778381312
440	38.62380626528333
441	38.66024336643334
442	38.614967786745865
443	38.40849295194777
444	38.393162875315554
445	38.51173783229613
446	38.62871240086254
447	38.63140726208271
448	38.5337639965547
449	38.563014431626826
450	38.59419256724646
451	38.58478712646607
452	38.44282739306317
453	38.198885887373926
454	38.24429205453992
455	38.35656030217247
456	38.383536901444955
457	38.333915666125534
458	38.18371795835526
459	38.15397651067532
460	38.397501809950604
461	38.60836801794097
462	38.7195095452429
463	38.63309896900716
464	38.456678895123005
465	38.28109339937447
466	38.277720333313056
467	38.36813927368027
468	38.43934862080425
469	38.613350125944585
470	38.58360128617363
471	38.675
472	38.875838926174495
473	38.79830508474576
474	38.80821917808219
475	38.627680311890835
476	38.62027833001988
477	38.804627249357324
478	38.67289719626168
479	38.30487804878049
480	38.53521126760563
481	38.85245901639344
482	38.68
483	38.648648648648646
484	39.333333333333336
