#Base	Mean
1	27.71390488727991
2	32.20880917119192
3	30.035412209972026
4	30.070956063847294
5	30.385212001535844
6	33.93242279633591
7	29.742515495584446
8	33.24881794745214
9	34.825692501782676
10	34.667335856508146
11	32.18608962755746
12	31.903022324611925
13	36.14206571224837
14	31.63498436728649
15	36.689539794854916
16	32.121046569030774
17	30.99787175689759
18	32.915133563710164
19	35.86894849432286
20	33.379156381986725
21	37.084855465964566
22	30.3170314299819
23	35.99374691459602
24	37.47306236629916
25	38.31182052547858
26	35.54791289561736
27	33.36352366847677
28	35.4735999122374
29	32.65961274751796
30	35.54305304152268
31	36.78713180845812
32	37.69234819812407
33	33.21414074927321
34	32.02889583676156
35	31.690823322911523
36	32.3543634468762
37	33.512840765728704
38	36.127200921507324
39	36.21350447040755
40	37.96252536887719
41	38.17374801162855
42	38.60302780977456
43	33.64579013767758
44	36.10014809939115
45	35.073479238659424
46	37.6097745598157
47	33.64619603971258
48	37.18483901047666
49	38.23874718885415
50	37.62469420218309
51	37.51768964949811
52	37.365991991662554
53	35.84697493280676
54	32.713389281992214
55	33.09027480664802
56	35.278997312270306
57	32.085875706214686
58	35.54593823706873
59	31.977675388075255
60	35.060183204432015
61	37.383851681202344
62	32.72791399264988
63	34.39596292030059
64	32.34035434150623
65	35.413131479348365
66	31.547803192364654
67	35.305951401459055
68	35.10671932422796
69	34.4360813998135
70	34.21475508748834
71	32.94955844440788
72	36.2462618616642
73	37.45676046294773
74	38.127244802808406
75	38.56458779002797
76	34.54609182162251
77	37.08070868301245
78	38.018825078163566
79	37.62135922330097
80	37.285382041577535
81	35.14475344193956
82	36.424025012341616
83	36.73649278701114
84	37.94965717733531
85	35.68729087817454
86	37.3199714771543
87	36.58177828972629
88	33.95759969283089
89	35.453008611705336
90	34.816027645219684
91	34.53478141626899
92	32.51973012999836
93	35.353211562722834
94	35.203488563435904
95	37.568383522571445
96	37.231890735560306
97	38.44948713729362
98	38.776106631561625
99	35.96071526520761
100	37.78363227469694
101	28.738127365476387
102	36.158049476166966
103	36.66984806099501
104	37.23936152706928
105	37.64032691569305
106	37.801832044320115
107	34.60835938785585
108	37.43682738193188
109	37.17828972629039
110	37.6944325599254
111	36.66160934671713
112	36.58062640557293
113	36.392715704020624
114	36.444550490922055
115	37.560759146508694
116	37.39996708902419
117	38.011606604135814
118	37.97347375349679
119	36.2583511601119
120	37.21489770171686
121	37.4280730623663
122	37.937326531731664
123	37.74738632000439
124	37.94797871756898
125	38.05599254017881
126	38.39001700400417
127	38.43184685425923
128	37.413954253743626
129	37.94602599967089
130	37.39571060281937
131	37.43298776808732
132	37.66283802314739
133	38.191399264988206
134	38.25537820196369
135	37.6144040370797
136	37.86136799956119
137	37.89370851845757
138	37.10043332784817
139	37.74089188744446
140	37.66290384509901
141	36.65858153694257
142	37.69752619165158
143	37.68857440623115
144	37.583171521035595
145	37.678437825681534
146	37.91320278646262
147	37.494937194887825
148	37.36504854368932
149	37.066030387801
150	37.77112610388898
151	37.55824694202183
152	37.579266085239425
153	38.06072075037025
154	37.73488014919642
155	37.18320443201141
156	37.25828533816028
157	36.84179693927925
158	37.098436728649006
159	37.05198837145522
160	36.53768855246558
161	37.010805770391094
162	37.53783116669409
163	36.79437222313641
164	35.69183259283638
165	37.10176073720586
166	36.85691404750151
167	37.93177554714497
168	37.99307772475454
169	37.77634797871757
170	36.021863858263394
171	37.2126049037354
172	36.88026987000165
173	38.06400087762602
174	38.10428391201799
175	38.00164554879052
176	37.71416817508639
177	37.56791179858483
178	37.80876528989084
179	37.70448137787285
180	37.64246612912073
181	35.90586363885689
182	36.757665514782516
183	37.249816247051726
184	37.227579397729144
185	37.081542427732984
186	37.34409522242334
187	37.46996873457298
188	37.36260216115408
189	37.86960671383907
190	37.14936097855301
191	37.23200043881301
192	37.15283857166365
193	37.83609237013877
194	37.736646371564916
195	37.64292688278208
196	36.799572157314465
197	37.7514233997038
198	37.45933848938621
199	37.61144204925676
200	37.09261148593056
201	37.15355164280621
202	37.29744939937469
203	36.95083100213921
204	37.03510504086446
205	36.637507542098625
206	37.504810487630955
207	37.629301738796556
208	37.461411880862265
209	37.37940869946794
210	37.53560419066425
211	36.989413636114314
212	37.146552575283856
213	37.32247271131589
214	37.40747079150897
215	36.30092699248533
216	37.49772365750645
217	37.620229279798146
218	37.7700181010367
219	37.676353463880204
220	37.65304152268115
221	37.47505896549833
222	34.7979814601503
223	36.831835883933955
224	36.96107728594153
225	37.50555646974933
226	37.24328890351599
227	37.42049256760463
228	37.07102188579891
229	37.86835609675827
230	37.79427349020899
231	37.801228676430256
232	37.25356809829412
233	37.24404585595963
234	36.64378256815315
235	37.57859689539795
236	37.648225549887556
237	37.30069661565465
238	37.26824639350557
239	36.23462234655258
240	36.705556469749325
241	37.0684548296857
242	36.71942296089079
243	36.69109758104328
244	37.100082277439526
245	37.44385936043004
246	37.54145137403324
247	37.37111513356371
248	37.75747901925292
249	37.784970654379904
250	37.355350776150516
251	35.55527398387362
252	35.16986451648291
253	35.69244693105151
254	34.90245186769788
255	35.50558938072514
256	35.38867862432121
257	36.035302506719326
258	35.14418298502551
259	33.68839546262369
260	34.513065800732825
261	36.44711148166839
262	35.50176624174474
263	33.54170963424534
264	34.10005046404985
265	34.59873401057551
266	33.878831428132614
267	34.83606863110779
268	35.02324637426772
269	34.729183579437
270	33.37712003861597
271	35.05961340149637
272	35.70689163393817
273	34.70641990477653
274	36.456655769357354
275	35.88337063366684
276	35.90256933473758
277	35.73957784799017
278	34.87158811655257
279	33.695958399157455
280	36.227137089696335
281	35.42761541162015
282	34.56088730911006
283	36.76674603087524
284	36.40072855747814
285	36.28058990705891
286	36.11526137909845
287	35.75151428696835
288	36.11842163016284
289	36.138645042356146
290	35.91028398367204
291	35.74288943510512
292	36.15374401966378
293	35.989092505212334
294	35.75135247835486
295	35.904432178560064
296	35.02540382758318
297	33.88935343692389
298	34.53795336076818
299	34.78718244170096
300	34.19518244170096
301	35.48310907215137
302	36.78970070132692
303	35.80776196068532
304	35.99019866095928
305	34.84350441234579
306	36.41793715082266
307	35.933715301788006
308	34.058625950846846
309	32.612800895689496
310	34.969187029353
311	35.546356670838
312	33.95058417506567
313	36.032069393902745
314	36.38174342286085
315	34.927096618145036
316	33.97952833818921
317	35.981440759961295
318	34.78071950039581
319	32.9182380947145
320	31.35354357558491
321	31.278536150740834
322	31.395155701730264
323	32.14887087371165
324	35.40119457491393
325	34.6949887232521
326	34.37138173456702
327	32.7430929196237
328	35.765050894085284
329	34.92177147762541
330	33.371204615012
331	30.75387671762044
332	31.978519680169633
333	32.46484729194772
334	32.04607784497463
335	31.93671490079453
336	30.80517185815729
337	31.5772421436808
338	31.7799859263631
339	32.44963005122368
340	32.52035765791751
341	33.96530118801293
342	36.07764611651629
343	34.52206520472002
344	32.11346973916085
345	35.01077571692192
346	33.551726464357515
347	34.39780053090633
348	31.98111306289745
349	33.84810949056473
350	32.688098115199246
351	33.23292555740339
352	34.6593673275336
353	33.63599256267976
354	36.344508015972345
355	34.9717521564496
356	34.052273063823485
357	33.90025517862504
358	34.85657986245267
359	34.90865234982882
360	34.23288542577721
361	33.70165924726831
362	33.567580964970254
363	33.81579820776635
364	32.689845382365235
365	33.560003349803196
366	33.907863849765256
367	33.49012522060677
368	32.49296130826941
369	34.992372881355934
370	35.33242692046227
371	33.80216104965269
372	33.05408189544167
373	32.07864102785203
374	33.47307559544356
375	33.59569129607198
376	31.931115057482007
377	31.297786531607578
378	33.388873226200545
379	33.944861678866815
380	32.41595468944994
381	34.15404089581305
382	34.73687362747055
383	34.466439591264276
384	32.833533894905734
385	33.53042779674634
386	33.98131216718577
387	32.462090578245046
388	31.568276563294358
389	30.167478297692146
390	30.782673319885337
391	31.254487519915028
392	34.54654622741764
393	34.112966705669606
394	33.070258112884225
395	32.970082680591815
396	35.954450729383744
397	34.517581085177326
398	32.25493470999089
399	29.111499316421085
400	31.040201005025125
401	31.077508755900716
402	31.00304599451721
403	30.44683120048751
404	29.45543494878459
405	30.054892966360857
406	30.446280991735538
407	31.606645230439444
408	31.279538005306694
409	33.77791679699718
410	35.72727272727273
411	33.60832780358328
412	31.326859229747676
413	34.52857142857143
414	32.812676759274666
415	33.34359147784917
416	30.352549889135254
417	32.6320819112628
418	31.276417194725123
419	31.77638147701842
420	33.22414689069808
421	32.147806406685234
422	35.375780962881294
423	31.705156950672645
424	32.838509316770185
425	32.43516209476309
426	33.702127659574465
427	34.39173967459324
428	33.89655172413793
429	31.952443857331573
430	33.55838926174496
431	33.4572591587517
432	33.2421340629275
433	33.36551724137931
434	33.03862660944206
435	31.486842105263158
436	32.30396475770925
437	33.40723981900452
438	32.29176470588235
439	34.88607594936709
440	33.75396825396825
441	34.369565217391305
442	33.936708860759495
443	33.346666666666664
444	33.46268656716418
445	33.596774193548384
446	33.80392156862745
447	33.1
448	34.35
449	33.64705882352941
450	33.38235294117647
451	33.93939393939394
452	32.875
453	31.483870967741936
454	33.806451612903224
455	33.225806451612904
456	32.903225806451616
457	34.70967741935484
458	32.86206896551724
459	32.51724137931034
460	30.586206896551722
461	33.15384615384615
462	32.5
463	31.692307692307693
464	33.0
465	32.68
466	34.28
467	33.041666666666664
468	33.0
469	33.77272727272727
470	34.77272727272727
471	35.529411764705884
472	34.1875
473	34.9375
474	35.4375
475	34.1875
476	33.5
477	33.4
478	33.125
479	34.142857142857146
480	30.571428571428573
481	31.666666666666668
482	33.333333333333336
483	33.75
484	40.0
