#Length	Count
398	2
428	1
443	10334
455	1246
358	2
407	5
460	1824
445	1962
453	755
457	1048
366	1
383	2
433	4
351	4
334	1
359	2
437	44
440	2839
463	893
424	3
458	8372
400	1
451	70
377	2
430	8
454	205
447	1390
395	1
379	7
414	1
462	666
477	7
423	206
468	439
452	85
347	1
394	3
480	7
475	29
441	45542
438	125
397	2
434	14
467	6212
481	10
474	246
444	3549
378	3
422	10
350	1
476	123
374	4
442	21502
406	3
429	4
417	5
396	3
431	3
482	14
337	3
393	2
382	6
432	4
409	6
459	2747
405	1
449	206
365	1
371	5
470	19
346	1
469	211
435	25
402	9
401	20
427	4
353	1
338	2
380	2
333	1
466	37051
418	3
484	7
381	1
471	5
361	6
465	11430
345	1
421	8
348	1
392	2
450	93
404	7
373	6
412	5
446	12113
420	2
464	2857
354	11
352	1
461	11677
399	2
364	1
388	1
355	1
473	15
426	16
436	42
369	2
390	3
332	2
425	3
408	2
356	1
472	3
367	1
456	398
448	1265
439	379
362	3
483	11
357	2
372	1
478	19
