CK1	CK2	CK3	JXBR161	JXBR162	JXBR163	R37J161	R37J162	R37J163	RW371	RW372	RW373
Dacrymycetes	0.0	0.0	1.74152313613e-05	2.11698456718e-05	0.0	0.0	4.84575947588e-05	0.0	1.46888174033e-05	1.85260661751e-05	3.55859222092e-05	0.0
Microbotryomycetes	0.000131591314973	0.0	1.74152313613e-05	0.000656265215827	5.9517432656e-05	8.58049938506e-05	0.000125989746373	0.000264167557708	7.34440870166e-05	5.55781985253e-05	7.11718444183e-05	0.0
Ustilaginomycetes	1.87987592819e-05	0.000716845878136	0.00144546420299	0.00139720981434	0.000678498732279	0.000128707490776	0.000465192909685	0.000138373482609	0.000352531617679	0.00902219422728	0.00170812426604	0.00562585565662
Wallemiomycetes	0.0	0.0	5.2245694084e-05	2.11698456718e-05	0.0	0.0	0.0	0.0	1.46888174033e-05	9.26303308755e-05	0.0	0.00374687529446
Mucoromycotina_cls_Incertae_sedis	0.00729391860137	0.00490591397849	0.0181815015412	0.0238584160721	0.0266042923972	0.00806566942196	0.0458893422366	0.00242782564941	0.00788789494558	0.012486568602	0.0110494288459	5.54271493263e-06
Zoopagomycotina_cls_Incertae_sedis	0.0	0.0	0.0	0.0	0.0	0.0	9.69151895177e-06	0.0	0.0	1.85260661751e-05	0.0	0.0
Atractiellomycetes	0.0	2.24014336918e-05	0.0	0.000127019074031	0.0	0.0	4.84575947588e-05	7.54764450594e-05	0.000778507322375	0.0	0.0	0.0
Saccharomycetes	0.000432371463483	0.00038082437276	0.000174152313613	0.000190528611046	7.14209191872e-05	0.000114406658468	0.000135681265325	0.00162274356878	7.34440870166e-05	0.000611360183779	0.000213515533255	0.000304849321295
Eurotiomycetes	0.130576181972	0.54314516129	0.348531025235	0.424751783559	0.486066969015	0.744000800847	0.322911719954	0.185244354991	0.590798924779	0.250416836489	0.152040852639	0.00948358524973
Agaricomycetes	0.201503900743	0.0731630824373	0.0711063896484	0.124372843322	0.0259615041246	0.0979607013128	0.0688194760765	0.0733002075602	0.0614873896503	0.159879951091	0.1066332159	0.00328682995505
Entorrhizomycetes	0.0	0.0	5.2245694084e-05	0.0	0.0	1.43008323084e-05	0.0	0.0	0.0	0.0	0.0	0.0
Ustilaginomycotina_cls_Incertae_sedis	1.87987592819e-05	0.0	1.74152313613e-05	0.0	0.0	0.0	3.87660758071e-05	1.25794075099e-05	1.46888174033e-05	1.85260661751e-05	0.0	0.000116397013585
Archaeorhizomycetes	0.0	0.000179211469534	0.0	0.0	0.0	0.0	0.0	0.0	0.0	0.0	0.0	0.0
Orbiliomycetes	0.00328978287433	0.00089605734767	0.0135142195364	0.00347185469018	0.0014879358164	0.000629236621571	0.00294622176134	0.00212591986917	0.0107228367044	0.000648412316129	0.00297142450447	0.000410160905014
Exobasidiomycetes	0.00030078014851	0.000918458781362	0.000104491388168	0.000402227067765	0.000226166244093	4.29024969253e-05	0.000271362530649	0.000276746965218	0.000293776348066	0.000240838860276	0.00023130849436	0.0
Chytridiomycetes	0.00272582009587	0.00707885304659	0.00161961651661	0.000486906450452	0.000571367353498	0.000600634956954	0.00690036149366	0.00428957796088	0.00396598069889	0.0123383600726	0.015319739511	0.0157025114041
Agaricostilbomycetes	1.87987592819e-05	0.0	3.48304627227e-05	0.0	2.38069730624e-05	4.29024969253e-05	1.93830379035e-05	0.000415120447827	7.34440870166e-05	0.0	3.55859222092e-05	0.0
Lecanoromycetes	0.00039477394492	0.000112007168459	0.000417965552672	0.000359887376421	0.0	7.15041615422e-05	0.000310128606456	0.00118246430593	0.000161576991436	9.26303308755e-05	0.000142343688837	8.31407239894e-05
Blastocladiomycetes	3.75975185638e-05	0.0	0.0	0.0	0.0	0.0	0.0	0.0	0.0	0.0	0.0	0.0
Pucciniomycetes	9.39937964094e-05	6.72043010753e-05	0.000121906619529	0.0	1.19034865312e-05	0.0	0.0	0.0	0.0	1.85260661751e-05	5.33788833138e-05	0.0
Leotiomycetes	0.0466209230191	0.0514784946237	0.00867278521795	0.0214450536656	0.0223428442191	0.00589194291108	0.0274948392662	0.0285300962325	0.00969461948619	0.0147652747416	0.0139852674282	0.0461375590992
Sordariomycetes	0.298561894915	0.116330645161	0.352205639052	0.148485297542	0.223964099085	0.0849326430798	0.23076475776	0.295062582552	0.140057873941	0.204323983845	0.293210206042	0.739614337895
Cystobasidiomycetes	0.0	0.0	0.0	0.0	0.0	0.0	6.78406326624e-05	0.0	0.0	0.0	0.0	0.0
Laboulbeniomycetes	0.0	0.0	0.0	0.0	0.0	0.0	0.0	0.0	1.46888174033e-05	1.85260661751e-05	3.55859222092e-05	0.0
Kickxellomycotina_cls_Incertae_sedis	3.75975185638e-05	4.48028673835e-05	0.000226398007698	0.0	0.000107131378781	2.86016646169e-05	1.93830379035e-05	1.25794075099e-05	0.000205643443646	0.000222312794101	0.0	0.0
Tremellomycetes	0.0119936084218	0.00416666666667	0.00734922763449	0.0179943688211	0.0649454225143	0.0124846266053	0.0381652016321	0.0243537329392	0.0146447509511	0.00942976768313	0.00957261307427	6.65125791915e-05
Arthoniomycetes	0.0	0.0	0.0	0.0	0.0	1.43008323084e-05	2.90745568553e-05	0.0	5.87552696132e-05	1.85260661751e-05	0.0	0.0
Mortierellomycotina_cls_Incertae_sedis	0.0303223987217	0.00987903225806	0.0141237526341	0.0635095370155	0.0219738361366	0.00384692389097	0.0749251330161	0.00213849927668	0.03456278735	0.100374226537	0.0735916871286	0.00323140280572
Dothideomycetes	0.0911739825172	0.0539426523297	0.0515316695982	0.0607997967695	0.0440190931924	0.0140863198238	0.0490390858959	0.145241839109	0.0378824600831	0.105691207529	0.0793566065265	0.0251805539389
Monoblepharidomycetes	0.000507566500611	2.24014336918e-05	5.2245694084e-05	8.46793826873e-05	3.57104595936e-05	2.86016646169e-05	8.72236705659e-05	0.000125794075099	2.93776348066e-05	0.000129682463226	0.000124550727732	0.0
Pezizomycetes	0.000263182629946	0.00230734767025	0.000365719858588	0.00198996549315	0.0014879358164	0.000228813316935	0.000484575947588	0.0036857664004	4.40664522099e-05	0.00337174404387	0.00651222376428	0.000792608235366
Neolectomycetes	0.0	0.0	0.0	0.000127019074031	7.14209191872e-05	0.0	9.69151895177e-06	0.0	0.0	0.0	0.000106757766628	0.0
Glomeromycetes	0.00962496475233	0.00199372759857	0.0015325403598	0.00143954950568	0.000773726624528	0.000171609987701	0.00135681265325	0.000352223410277	0.000675685600552	0.00320500944829	0.00163695242162	0.000360276470621
Pezizomycotina_cls_Incertae_sedis	0.0112604568099	0.0078853046595	0.0105884606677	0.0175921417533	0.0185456320156	0.00483368132025	0.0175901068975	0.0476759544625	0.00781445085856	0.0238800992997	0.0192341909541	0.0231796338483
Lichinomycetes	0.0	0.0	5.2245694084e-05	0.000148188919703	0.000380911568999	0.000228813316935	3.87660758071e-05	0.000402541040317	4.40664522099e-05	0.00122272036756	0.000355859222092	0.0
