#Length	Count
384	66
398	28
443	86
386	303
358	553
407	461
331	140
445	139
366	122
376	382
329	142
437	265
463	5
368	130
458	9
424	57
400	160
451	74
313	4
316	4
454	93
395	4925
343	1099
468	33
347	158
475	9
441	238
413	49
434	293
397	30
349	725
275	7
325	6
378	1088
350	522
374	107
442	19
429	666
431	115
382	32
337	5260
321	3
459	10
432	118
409	3358
284	1
340	1788
311	120
371	131
289	1
389	24
346	170
435	39
427	33
327	28
401	75
320	27
333	1062
339	2347
418	37
323	1
471	32
465	42
361	419
345	178
348	1115
319	26
404	22
412	228
446	12
385	31
282	74
314	7
420	43
344	119
352	310
364	218
388	564
355	1323
479	71
426	183
369	1146
326	59
279	2
367	124
448	40
483	103
335	1046
357	1911
372	137
270	51
391	116
428	100
455	11
288	3
460	4
336	2892
457	25
453	12
324	4
433	557
383	51
351	579
297	3
410	135
359	496
334	2047
440	218
430	39
377	288
447	67
379	98
462	6
414	42
477	30
415	40
423	72
330	194
342	7062
452	47
341	4831
394	400
480	20
438	928
467	6
360	293
474	9
481	25
419	40
444	968
290	5
422	523
304	2
476	42
406	120
417	67
396	259
482	60
312	2
393	738
449	12
405	14
293	2
365	83
370	60
309	35
470	25
322	2
469	7
402	1762
315	143
353	2968
375	695
416	59
338	413
380	451
403	111
466	6
283	1
310	4
484	3
303	20
381	137
308	1
421	108
392	104
450	5
278	1
271	11
373	191
387	815
328	112
464	3
281	11
363	358
354	1953
461	2
318	14
399	73
473	31
436	68
332	401
390	58
425	42
456	1
408	127
356	1031
472	25
362	141
439	1099
317	3
411	273
478	169
