#Length	Count
391	1
398	6
428	8
443	9200
455	829
407	1
358	1
460	1829
445	1403
453	412
457	555
433	1
383	1
334	1
437	42
440	2293
463	288
458	4990
451	39
430	2
377	1
454	104
447	1037
395	6
379	2
462	282
477	12
415	1
423	426
343	1
468	196
342	1
452	56
347	2
394	1
341	1
480	1
475	30
441	36501
438	83
434	3
413	3
397	1
467	3234
349	1
481	2
474	236
419	1
444	4124
378	1
422	25
476	46
374	3
442	18691
417	1
406	4
429	4
396	1
431	3
482	8
382	1
337	1
409	2
432	2
459	1538
449	110
470	5
346	1
389	1
469	104
435	6
402	1
427	2
401	10
353	2
375	2
416	1
466	28723
339	2
484	3
471	1
361	1
465	9307
421	1
392	1
450	64
404	2
373	2
412	5
446	8650
464	1381
354	2
461	5778
399	5
473	11
426	13
436	24
390	1
425	3
408	1
456	270
448	797
439	355
483	4
411	1
372	3
478	21
