	sequences per sample	iteration	CK1	CK2	CK3	JXBR161	JXBR162	JXBR163	RW371	RW372	RW373	R37J161	R37J162	R37J163
alpha_rarefaction_10_0.txt	10	0	0.9	0.9	0.9	0.9	0.88	0.88	0.9	0.9	0.88	0.9	0.9	0.9
alpha_rarefaction_10_1.txt	10	1	0.9	0.9	0.9	0.9	0.9	0.9	0.9	0.9	0.9	0.9	0.9	0.88
alpha_rarefaction_10_2.txt	10	2	0.9	0.9	0.9	0.9	0.9	0.9	0.9	0.9	0.9	0.9	0.9	0.9
alpha_rarefaction_10_3.txt	10	3	0.9	0.9	0.9	0.9	0.9	0.9	0.9	0.88	0.88	0.88	0.88	0.9
alpha_rarefaction_10_4.txt	10	4	0.9	0.9	0.9	0.9	0.9	0.9	0.9	0.9	0.9	0.9	0.9	0.9
alpha_rarefaction_10_5.txt	10	5	0.9	0.9	0.9	0.9	0.9	0.9	0.9	0.9	0.9	0.9	0.9	0.9
alpha_rarefaction_10_6.txt	10	6	0.9	0.9	0.9	0.9	0.9	0.9	0.9	0.9	0.9	0.9	0.9	0.9
alpha_rarefaction_10_7.txt	10	7	0.9	0.9	0.88	0.9	0.9	0.9	0.9	0.9	0.9	0.9	0.88	0.9
alpha_rarefaction_10_8.txt	10	8	0.9	0.9	0.9	0.9	0.9	0.9	0.9	0.9	0.9	0.9	0.9	0.9
alpha_rarefaction_10_9.txt	10	9	0.9	0.9	0.9	0.9	0.9	0.9	0.9	0.9	0.9	0.9	0.9	0.9
alpha_rarefaction_10180_0.txt	10180	0	0.998609604718	0.998581022923	0.998409204071	0.998249157599	0.996959117033	0.998547732176	0.995473732153	0.996255148004	0.99739670219	0.997497558679	0.997064315793	0.997948691722
alpha_rarefaction_10180_1.txt	10180	1	0.998638514596	0.998635156573	0.998505795485	0.998344552476	0.996239380734	0.998536017693	0.995524758666	0.996288747535	0.997274269437	0.997666019507	0.997077882979	0.997824039586
alpha_rarefaction_10180_2.txt	10180	2	0.998619968272	0.998577819292	0.998365704162	0.998244062668	0.996533651638	0.99849448628	0.99534296224	0.996322790942	0.997342645736	0.997683292098	0.997199157792	0.997904381255
alpha_rarefaction_10180_3.txt	10180	3	0.998560913382	0.998577008735	0.998426148579	0.998416711376	0.996530293615	0.998444289624	0.995309555699	0.996281471818	0.997595674712	0.997676016381	0.997215561929	0.997883441858
alpha_rarefaction_10180_4.txt	10180	4	0.998458744563	0.998677382749	0.998407235575	0.998412349806	0.996816613337	0.99833745045	0.995560288095	0.996287415905	0.99759476766	0.997569717579	0.997098706582	0.997923950425
alpha_rarefaction_10180_5.txt	10180	5	0.998596365615	0.998641756825	0.998413295456	0.998358660033	0.996405274798	0.99847341179	0.995434574515	0.99605905103	0.997461122197	0.997582011031	0.99712267592	0.997855882909
alpha_rarefaction_10180_6.txt	10180	6	0.998542367059	0.998653490607	0.998486766687	0.998336003026	0.996603050783	0.99843259444	0.995355757466	0.996265260671	0.997425515572	0.997794743729	0.997138964262	0.997884947179
alpha_rarefaction_10180_7.txt	10180	7	0.998583879173	0.998554139439	0.998448265214	0.998464920237	0.996398249968	0.998504444556	0.995505459682	0.996191210471	0.997172158514	0.997650368032	0.997047139698	0.997996032129
alpha_rarefaction_10180_8.txt	10180	8	0.998509385096	0.99866045754	0.998499832099	0.998393205214	0.996494725588	0.998489159761	0.995269220823	0.996263909743	0.997338515754	0.997651217187	0.997110864942	0.997837780462
alpha_rarefaction_10180_9.txt	10180	9	0.99852696647	0.998663950656	0.998507513094	0.998365202388	0.996309493942	0.998525943624	0.995470084645	0.99645348366	0.997371150335	0.99772046194	0.997149385713	0.99787201686
alpha_rarefaction_20350_0.txt	20350	0	0.998640783826	0.998636920235	0.998525605346	0.998437481663	0.996701217635	0.99850110052	0.995518659334	0.996356981328	0.99743474938	0.997839127311	0.997250137339	0.997837205175
alpha_rarefaction_20350_1.txt	20350	1	0.998664206847	0.998610222821	0.99851630858	0.998370288985	0.996681064178	0.99851215039	0.99551860621	0.996449630242	0.997335136343	0.99776884376	0.997185509119	0.997903731384
alpha_rarefaction_20350_2.txt	20350	2	0.998577541669	0.998655697288	0.998487824255	0.998429942831	0.996607284077	0.99858414841	0.995472276923	0.996390444856	0.997530619563	0.997800249926	0.9972090239	0.997806219174
alpha_rarefaction_20350_3.txt	20350	3	0.998678564917	0.998652640221	0.998514574794	0.998423761085	0.996628239229	0.998501356483	0.995638923265	0.996487044292	0.997439206998	0.99772283322	0.997250204951	0.997936142084
alpha_rarefaction_20350_4.txt	20350	4	0.998692266177	0.998702012086	0.998544169901	0.998438703524	0.99679395348	0.998545753974	0.995546815254	0.996416413018	0.997432300829	0.997831148996	0.997346099282	0.99793995738
alpha_rarefaction_20350_5.txt	20350	5	0.998566433845	0.998713342067	0.998470848602	0.998438602104	0.996761016366	0.998426682926	0.995595370935	0.996513253928	0.997385478934	0.997889184963	0.997226158926	0.997958150064
alpha_rarefaction_20350_6.txt	20350	6	0.998581873721	0.998657426245	0.998510885064	0.998379353935	0.996671477642	0.998528411279	0.995580597529	0.996443863833	0.99746942511	0.997737200949	0.997102195606	0.997804688226
alpha_rarefaction_20350_7.txt	20350	7	0.998644405943	0.998606132243	0.998494691788	0.998472171882	0.99668264825	0.998563371949	0.99553702588	0.996433345206	0.997455395445	0.997808039892	0.997177149273	0.997925493061
alpha_rarefaction_20350_8.txt	20350	8	0.998597115588	0.998637997211	0.998516762552	0.998467057453	0.996612398505	0.998472017338	0.995556928204	0.996294729217	0.997416841635	0.997720017628	0.997112318215	0.997836292401
alpha_rarefaction_20350_9.txt	20350	9	0.998689049738	0.998633385049	0.998510590465	0.998391616007	0.996630267614	0.998550583463	0.995611424156	0.996441801641	0.997475128736	0.997764907727	0.997206087571	0.997971141389
alpha_rarefaction_30520_0.txt	30520	0	0.998631011785	0.998655012548	0.998522327709	0.998395349976	0.99655411487	0.998491883371	0.995665476863	0.996523702739	0.99755039559	0.997717256501	0.997275391682	0.997855942604
alpha_rarefaction_30520_1.txt	30520	1	0.998662454545	0.998654243871	0.998521833866	0.998364360263	0.996777379077	0.998571312626	0.995619474328	0.996280053558	0.997534669915	0.997776588499	0.997310027243	0.997824972216
alpha_rarefaction_30520_2.txt	30520	2	0.998633472411	0.99861478368	0.9985442028	0.9983519326	0.996623770331	0.998496014473	0.995682460763	0.996438839066	0.997470584143	0.997810837575	0.997198678562	0.997943760746
alpha_rarefaction_30520_3.txt	30520	3	0.998601102085	0.998730111016	0.998548099864	0.998369219247	0.996626310401	0.998558509213	0.995546361967	0.996480888711	0.997355520905	0.997732713782	0.997275344445	0.997845249833
alpha_rarefaction_30520_4.txt	30520	4	0.99860451819	0.998614775091	0.998556559607	0.998406985343	0.99648668385	0.998501343682	0.995521525966	0.996466530767	0.99755900778	0.997840317846	0.997246796033	0.997981451692
alpha_rarefaction_30520_5.txt	30520	5	0.998626234392	0.998640253088	0.998548123483	0.998381634027	0.996893865871	0.99862238886	0.995602559137	0.996171631433	0.997438222406	0.997873862658	0.997126107282	0.997897011005
alpha_rarefaction_30520_6.txt	30520	6	0.998646825492	0.998638432311	0.99855098133	0.998424314933	0.996492343718	0.998523633172	0.995473739155	0.996444099566	0.997520513803	0.997776326548	0.997214352705	0.997888866893
alpha_rarefaction_30520_7.txt	30520	7	0.998597155637	0.998695466866	0.998528206586	0.99836624116	0.996872233406	0.998529872769	0.995590597404	0.996448136194	0.997454190708	0.99773563175	0.997174765833	0.997888639295
alpha_rarefaction_30520_8.txt	30520	8	0.998555297087	0.998635366191	0.998493287602	0.998378363929	0.996649020731	0.998560634884	0.9957405238	0.996357275551	0.997418191711	0.997757051647	0.997249089182	0.997924880919
alpha_rarefaction_30520_9.txt	30520	9	0.99862028466	0.998637515481	0.998577172179	0.998480275916	0.996654236141	0.998537203115	0.995575554521	0.996334949559	0.997464673059	0.997780221465	0.997261327896	0.997918574761
alpha_rarefaction_40690_0.txt	40690	0	0.998653850231	0.998643359048	0.998518642626	0.99843036449	0.996543740651	0.998562101609	0.995476916047	0.996351920524	0.997562307024	0.997804663605	0.997282879182	0.997858689873
alpha_rarefaction_40690_1.txt	40690	1	0.998592181164	0.998623072472	0.99851738151	0.998450428801	0.99667412968	0.998545704682	0.995385203664	0.996340917164	0.997476519713	0.997785331322	0.997295601477	0.997841534344
alpha_rarefaction_40690_2.txt	40690	2	0.998649200771	0.998680921951	0.998545366452	0.998465982567	0.996496044124	0.99851673404	0.9953957637	0.996400886623	0.997552055018	0.997813266737	0.997247758786	0.997954856025
alpha_rarefaction_40690_3.txt	40690	3	0.99863069232	0.998701917603	0.998538226166	0.998412016698	0.996625047616	0.998559748492	0.995528097555	0.996398301576	0.997516252122	0.997827889163	0.997223067966	0.99788397622
alpha_rarefaction_40690_4.txt	40690	4	0.998595860628	0.998633976778	0.998510256928	0.998474008292	0.996736893164	0.998571538237	0.995404074505	0.996418942087	0.997475275508	0.997771856464	0.997245755978	0.997867977922
alpha_rarefaction_40690_5.txt	40690	5	0.998675201025	0.998623666791	0.998523567502	0.998425804419	0.996606283077	0.998577615513	0.995617519634	0.996325376684	0.997541574708	0.997758787483	0.997246950657	0.997879006649
alpha_rarefaction_40690_6.txt	40690	6	0.998638675765	0.998698305786	0.998526455748	0.998426595637	0.996546243556	0.998530686044	0.995674790498	0.996401786557	0.997430118125	0.997781679641	0.997296041176	0.997907497729
alpha_rarefaction_40690_7.txt	40690	7	0.99859237927	0.998677014182	0.998512251279	0.998408573996	0.996745655748	0.998581374702	0.995456256209	0.996468396204	0.997621691827	0.997811010257	0.997234697052	0.997990985073
alpha_rarefaction_40690_8.txt	40690	8	0.998633354676	0.998614568393	0.998541909254	0.998396108997	0.996710628365	0.998557363968	0.995569302474	0.99640402975	0.997509603479	0.99773188971	0.997218931891	0.997895087089
alpha_rarefaction_40690_9.txt	40690	9	0.99863820949	0.998648327411	0.998538435144	0.998479729218	0.996682886224	0.998598526608	0.995533463339	0.996257457603	0.997497848764	0.997746181152	0.99726712006	0.997885971779
alpha_rarefaction_50860_0.txt	50860	0	0.998623450926	0.998638862605	0.998552185925	0.998452745688	0.996717736876	0.998567042465	0.995563076392	0.996457174893	0.997441027307	0.997798773406	0.997184647423	0.997908008212
alpha_rarefaction_50860_1.txt	50860	1	0.998662217101	0.998686226476	0.998551357856	0.998427352332	0.996780125839	0.998557281916	0.995385056926	0.996388108026	0.997525455597	0.99779108187	0.997258696623	0.997909229054
alpha_rarefaction_50860_2.txt	50860	2	0.99862794616	0.998660601941	0.998516629196	0.998389031505	0.996761189259	0.99851855208	0.995571152195	0.996334210834	0.997449772679	0.997830384628	0.997233475685	0.997897077077
alpha_rarefaction_50860_3.txt	50860	3	0.99863571656	0.998708156785	0.998537847412	0.998452836923	0.996750094211	0.998580838984	0.995397296272	0.996387266039	0.997535900405	0.997766227416	0.997288283676	0.997922492855
alpha_rarefaction_50860_4.txt	50860	4	0.998687069236	0.998664054936	0.998535760615	0.99840959175	0.996681279399	0.998574426278	0.995576300761	0.996461629149	0.997534962545	0.997791669482	0.997223417463	0.997924987888
alpha_rarefaction_50860_5.txt	50860	5	0.998644117096	0.998688978203	0.998544096205	0.998442436958	0.996671028657	0.998541697819	0.995559383712	0.996320586734	0.997528177943	0.997759070144	0.99731167915	0.997900290389
alpha_rarefaction_50860_6.txt	50860	6	0.998635143638	0.998687115626	0.998502231922	0.99844469308	0.996548913544	0.998538346883	0.995491011929	0.9964902853	0.997437674824	0.997756392642	0.997200090028	0.997928723865
alpha_rarefaction_50860_7.txt	50860	7	0.998633169725	0.998639688355	0.998522688561	0.998412750939	0.996701298422	0.998567258954	0.995567634253	0.996487544398	0.997575080228	0.99778480447	0.997279883139	0.997922491309
alpha_rarefaction_50860_8.txt	50860	8	0.998641779791	0.99870263091	0.998535784584	0.998400476801	0.996767433413	0.998567149163	0.995512235557	0.996428786261	0.997466723748	0.99774801762	0.99726677088	0.997881586535
alpha_rarefaction_50860_9.txt	50860	9	0.998623702208	0.998648786295	0.998528202066	0.998431844473	0.996705178983	0.998551830265	0.995438642529	0.996404392618	0.997460894788	0.997820460939	0.997285684264	0.997871001782
alpha_rarefaction_61030_0.txt	61030	0	0.998618504036	0.998671822715	0.99854846813	0.998458343416	0.996601462968	0.998526275506	0.995486671015	0.996395281514	0.997478212849	0.997802555395	0.997224155359	0.997951109053
alpha_rarefaction_61030_1.txt	61030	1	0.99862329803	0.998674199308	0.998553239034	0.998439240469	0.996706537231	0.998550258897	0.995551362541	0.996299983174	0.997526598999	0.997801226415	0.997240832313	0.997897335567
alpha_rarefaction_61030_2.txt	61030	2	0.998632271195	0.998677750235	0.998545862256	0.998416173671	0.996627672602	0.998580345932	0.995453270927	0.996400778927	0.997495901439	0.997821784528	0.997271826276	0.997922907291
alpha_rarefaction_61030_3.txt	61030	3	0.998624661912	0.998668074186	0.998571605807	0.998447690634	0.996687338168	0.998565208446	0.995419902521	0.996443270849	0.997513507337	0.997790452817	0.997210134753	0.997924192777
alpha_rarefaction_61030_4.txt	61030	4	0.998642434268	0.998662784577	0.998551401015	0.998428403509	0.99665714052	0.998557093345	0.995638062515	0.996356556915	0.997470428516	0.997802392696	0.997235418129	0.997874080832
alpha_rarefaction_61030_5.txt	61030	5	0.998631518375	0.998643668206	0.998519838947	0.998466628197	0.996679569944	0.998593366714	0.99555809604	0.996388279534	0.997510887501	0.997791268998	0.997221664394	0.997889020179
alpha_rarefaction_61030_6.txt	61030	6	0.998638444643	0.998646929174	0.998561941572	0.998451190013	0.996636367622	0.998555256399	0.995556401389	0.996415921245	0.997436054917	0.997816219995	0.99721574654	0.997906267387
alpha_rarefaction_61030_7.txt	61030	7	0.998655535058	0.998693347359	0.998548432154	0.998445701728	0.996663924493	0.998577817379	0.995522962641	0.996417657779	0.997399246197	0.9978286077	0.997228903173	0.997937152346
alpha_rarefaction_61030_8.txt	61030	8	0.998648894454	0.998660858496	0.998519457167	0.998475737214	0.996681854716	0.998551401015	0.995516034762	0.996467147385	0.997445013048	0.997783876111	0.997228756046	0.997919128155
alpha_rarefaction_61030_9.txt	61030	9	0.998644585874	0.998671614911	0.998550898956	0.998450857634	0.996685016883	0.998550895197	0.995494731883	0.996338093489	0.997482153073	0.997789843365	0.997272210203	0.997895025021
alpha_rarefaction_71200_0.txt	71200	0	0.998650176745	0.998685586968	0.998552605416	0.998442244508	0.996725221326	0.998571417356	0.995488786138	0.996360152995	0.997559290967	0.997813288647	0.997219980511	0.997933298352
alpha_rarefaction_71200_1.txt	71200	1	0.998642558152	0.998674091418	0.99854132054	0.998462037622	0.996585326979	0.998558526386	0.995511448207	0.996377097273	0.997503226392	0.997819187129	0.997241699675	0.997968417419
alpha_rarefaction_71200_2.txt	71200	2	0.998660334475	0.998659062934	0.998557606363	0.998413627935	0.996667624826	0.998608294013	0.995631012893	0.996373391538	0.997477405394	0.997833626988	0.997253031893	0.997911751988
alpha_rarefaction_71200_3.txt	71200	3	0.998666676398	0.998693427282	0.998534055438	0.99844965006	0.996681352575	0.998553277285	0.99542909631	0.996491500047	0.997458896841	0.997793224893	0.997258675514	0.997947692842
alpha_rarefaction_71200_4.txt	71200	4	0.998638354532	0.998654901528	0.998568850603	0.998453941264	0.996557098614	0.998543859677	0.995476372144	0.996398764361	0.997543865595	0.997759721389	0.997239828462	0.997885097762
alpha_rarefaction_71200_5.txt	71200	5	0.998640862107	0.998671669849	0.998553701001	0.998437298794	0.996650702247	0.998568287622	0.995512704756	0.996479312508	0.997513111507	0.997800996165	0.997234279131	0.997927930501
alpha_rarefaction_71200_6.txt	71200	6	0.998658991526	0.998679617867	0.998546789389	0.998477180517	0.99659743522	0.998553105274	0.995546265071	0.996424480021	0.997524219638	0.997812822718	0.997316365121	0.997921770057
alpha_rarefaction_71200_7.txt	71200	7	0.998648082234	0.998682372412	0.998555874022	0.998441532793	0.996646951143	0.998578510447	0.995504067905	0.996412650312	0.997518486066	0.997796361728	0.997266159181	0.997933071503
alpha_rarefaction_71200_8.txt	71200	8	0.998665091608	0.998679239916	0.998548630618	0.998442439007	0.99658316461	0.998547194562	0.9955856639	0.996449466213	0.997524074849	0.9977722782	0.997229532256	0.997890329898
alpha_rarefaction_71200_9.txt	71200	9	0.998653944814	0.998644686987	0.998526075464	0.998468042624	0.996663652396	0.998545969969	0.995516202184	0.996372403263	0.997564252856	0.997797020578	0.997277739553	0.997916763587
alpha_rarefaction_81370_0.txt	81370	0	0.998633573943	0.998670821963	0.998541568366	0.998436921039	0.996676237366	0.998580347254	0.9955235276	0.996385123997	0.99757419824	0.997782954009	0.997247960373	0.99793029137
alpha_rarefaction_81370_1.txt	81370	1	0.998648720724	0.998668965769	0.998542490573	0.998414065241	0.996694246218	0.998551954894	0.995543631278	0.996440766909	0.997526865456	0.997796975897	0.997281350108	0.997922313514
alpha_rarefaction_81370_2.txt	81370	2	0.998641180259	0.998666684267	0.998560803304	0.998446163644	0.996699489776	0.998559693515	0.995524398153	0.996442980446	0.997562711891	0.997806939231	0.99722627659	0.997952550287
alpha_rarefaction_81370_3.txt	81370	3	0.998639220155	0.998681770937	0.998554224616	0.998454149959	0.996720050782	0.998595707898	0.995492525997	0.996448236389	0.997471833019	0.997780300966	0.997258356567	0.99791972028
alpha_rarefaction_81370_4.txt	81370	4	0.998645620624	0.998665619486	0.998543875846	0.998447825912	0.996650478112	0.998561018072	0.995503634462	0.996438367299	0.997517379688	0.99779152784	0.997243587973	0.997937317719
alpha_rarefaction_81370_5.txt	81370	5	0.998636905123	0.998664793336	0.998549161693	0.998441962817	0.996659703499	0.998567029481	0.995469357258	0.996346818446	0.997492000735	0.997788953939	0.997232088333	0.997908064472
alpha_rarefaction_81370_6.txt	81370	6	0.998653464665	0.998704609215	0.998548086037	0.998444521313	0.99671217593	0.998563347905	0.995535016366	0.996448704289	0.997532037122	0.997817835041	0.997265882835	0.99794194023
alpha_rarefaction_81370_7.txt	81370	7	0.998658522755	0.998668036615	0.998531257657	0.99844474454	0.996777785499	0.998575954011	0.995592389812	0.9964216531	0.997550166499	0.997770086615	0.997261662978	0.997907914043
alpha_rarefaction_81370_8.txt	81370	8	0.998646479397	0.998663935469	0.998553379134	0.998430546245	0.996670558531	0.998577859442	0.995474595379	0.996403769906	0.997538346972	0.997772042491	0.997242345879	0.997920631612
alpha_rarefaction_81370_9.txt	81370	9	0.998643719725	0.998694682431	0.998536538369	0.998441996044	0.9966358678	0.99855045242	0.995563431985	0.99639172534	0.997489036262	0.997772574126	0.997257447652	0.997948934259
alpha_rarefaction_91540_0.txt	91540	0	0.998647173562	0.998661938279	0.998557265147	0.998450471382	0.996690920572	0.998570577045	0.995549584182	0.996468644769	0.997460808378	0.997823378226	0.997254904535	0.99792859339
alpha_rarefaction_91540_1.txt	91540	1	0.998645757738	0.998670254455	0.998552455355	0.998444305434	0.996697982269	0.998575435766	0.995549483699	0.996398492973	0.997503386927	0.997800819078	0.997284296968	0.997932793128
alpha_rarefaction_91540_2.txt	91540	2	0.998651101925	0.998681900874	0.998542866559	0.99844091266	0.99667467177	0.998563422502	0.995505352565	0.996433001658	0.997499649982	0.997798418478	0.997249065334	0.997914793162
alpha_rarefaction_91540_3.txt	91540	3	0.998642381432	0.998669911956	0.998541125659	0.998452180777	0.996683657193	0.998553758285	0.995532510278	0.996399420467	0.997510796853	0.997803686527	0.997250392132	0.997922467779
alpha_rarefaction_91540_4.txt	91540	4	0.998638544004	0.998686555766	0.998576616972	0.998450452527	0.99677782573	0.998552333391	0.995549605424	0.996397213194	0.997528024941	0.997781834098	0.997230893761	0.997937750899
alpha_rarefaction_91540_5.txt	91540	5	0.998652857385	0.998670542298	0.998549012697	0.998456024649	0.99665829456	0.998565600179	0.995505022476	0.996341572163	0.997489829194	0.997783844702	0.997289689368	0.997933359505
alpha_rarefaction_91540_6.txt	91540	6	0.998657094594	0.99868854298	0.998545506789	0.998445010482	0.996726738154	0.998557412887	0.995461246491	0.996358756574	0.997469406909	0.99777116076	0.997270205078	0.997928808914
alpha_rarefaction_91540_7.txt	91540	7	0.99865245092	0.998660748958	0.998553061352	0.998433607751	0.996706557409	0.998574628326	0.995534425411	0.996364832064	0.997508981247	0.997792294537	0.997260414602	0.997916434296
alpha_rarefaction_91540_8.txt	91540	8	0.998647704615	0.998667926413	0.998544067098	0.99844347365	0.996804426613	0.998556472982	0.995535888493	0.996421929016	0.997507757318	0.997793893187	0.997274710559	0.997941354424
alpha_rarefaction_91540_9.txt	91540	9	0.998652958822	0.998667738098	0.998548489758	0.998440859435	0.996619299488	0.998546899939	0.995554542908	0.996421631387	0.997501652948	0.997797255888	0.997208593575	0.997927544411
alpha_rarefaction_101710_0.txt	101710	0	0.998651013786	0.998696591307	0.998561828984	0.99844469637	0.996588908758	0.998560159567	0.995572202797	0.996426969435	0.997512790452	0.997763184169	0.99725030752	0.997904353112
alpha_rarefaction_101710_1.txt	101710	1	0.998651058445	0.99866770545	0.998552483145	0.998460685855	0.996684835996	0.998569764084	0.995511287125	0.996414802115	0.997490247415	0.997796097702	0.997274024079	0.997886204694
alpha_rarefaction_101710_2.txt	101710	2	0.998651010886	0.998661664226	0.998549539092	0.998436509554	0.996680270085	0.998558587395	0.995533759982	0.99643289872	0.997475303468	0.997781434665	0.997231971185	0.997924798114
alpha_rarefaction_101710_3.txt	101710	3	0.998651037759	0.998681437402	0.998550227159	0.998449552665	0.996697552957	0.998568481136	0.995545270941	0.996440281858	0.997481037101	0.997823904576	0.997279691786	0.997919730895
alpha_rarefaction_101710_4.txt	101710	4	0.998650940706	0.998674496607	0.998547786155	0.998452337799	0.9966701167	0.99857726496	0.995504921684	0.996394610184	0.997514220525	0.997809948939	0.997257791384	0.997938238909
alpha_rarefaction_101710_5.txt	101710	5	0.998650973186	0.998668996904	0.998554481033	0.998451712565	0.996689326121	0.998572216881	0.995515773963	0.996395134306	0.997472953137	0.997777114865	0.997228583436	0.997896241114
alpha_rarefaction_101710_6.txt	101710	6	0.998651039499	0.998676696913	0.998558354817	0.998455960445	0.996755023268	0.998567836762	0.995523445745	0.996429537265	0.997508217581	0.99778693978	0.997236716314	0.997924968826
alpha_rarefaction_101710_7.txt	101710	7	0.998651051099	0.998676436688	0.998540739994	0.99842722616	0.996778858726	0.998574474026	0.995509823799	0.996393379435	0.997545970009	0.997808120603	0.997264702019	0.997928469867
alpha_rarefaction_101710_8.txt	101710	8	0.998651031379	0.998675467517	0.998545006048	0.998472339686	0.996661263469	0.998576145184	0.995555379473	0.996456473373	0.997483359206	0.997799415464	0.997268934047	0.997929452764
alpha_rarefaction_101710_9.txt	101710	9	0.998651332783	0.998677833702	0.998547203454	0.998435414717	0.996700654768	0.998553157872	0.995530675571	0.996371686284	0.997577131571	0.997806409619	0.9972539524	0.997940217657