#Base	Mean
1	27.681849996188575
2	32.15303216149353
3	30.07721946182685
4	30.13696180952579
5	30.303922995363923
6	34.25179656694594
7	29.926640471785063
8	33.41827959224687
9	34.71153752867231
10	34.00257097912032
11	31.49853433400553
12	31.505429547549255
13	35.85879711440511
14	31.59676514001788
15	36.62896128285621
16	31.642911096789394
17	30.779103691537944
18	32.543245809165434
19	35.58779096761675
20	33.182719693977255
21	36.88707788472866
22	30.899856551838838
23	36.1563030567625
24	37.398342376804365
25	38.25870564021538
26	35.32444924914936
27	32.90856045958851
28	35.336264665322275
29	32.120080663603666
30	35.177099575199406
31	36.46692722951013
32	37.24045238144737
33	32.227569766394325
34	31.862663977879876
35	31.64690962765847
36	32.31449103622239
37	33.589301677719796
38	36.112277638025546
39	36.31439401814238
40	37.988787481895734
41	38.14241561159505
42	38.49348246398204
43	33.143711495949496
44	35.77736429596058
45	34.7483281705855
46	37.55474938150974
47	33.238976320658615
48	36.950215865228024
49	38.01152436193288
50	37.484141008849434
51	37.28392341115569
52	36.95867029791481
53	35.40549399527384
54	32.4537604900799
55	32.71631913404434
56	34.94918331566218
57	31.757926030643855
58	35.227424239274306
59	31.69436532851015
60	34.57603792020956
61	36.99946640055993
62	32.22780538173149
63	34.08357414606765
64	31.901297963313308
65	35.14698239121848
66	31.223446497993805
67	35.38143351143081
68	35.257783968455264
69	34.439159269038065
70	34.15426567708225
71	32.84791722971802
72	36.07430198956363
73	37.214396097101236
74	37.872504383138256
75	38.24443012272787
76	33.88522761134557
77	36.77651885269191
78	37.74067760199026
79	36.989750732832995
80	36.93476227105466
81	34.40823822096561
82	36.077829289758355
83	36.29980665682626
84	37.56506101744247
85	35.27991795042376
86	36.90550439006812
87	36.198006971442034
88	33.564347241568086
89	35.03834293119339
90	33.665142096837904
91	33.18520058488043
92	32.08529275205644
93	34.86386284415431
94	34.971649931047864
95	37.17653132644505
96	37.13109914554791
97	38.17225560106166
98	38.38049797994498
99	35.610132845470986
100	37.41990118015565
101	28.67453899087337
102	36.010942253452804
103	36.75187626036881
104	37.186212344857694
105	37.30117876967215
106	37.74396235698496
107	34.49985100794855
108	37.24035536336736
109	37.07802332591838
110	37.4442042091987
111	36.38482221436838
112	36.19228290472132
113	36.14666361752701
114	36.36691544874327
115	37.41155069541174
116	37.435119158991846
117	37.78823725078481
118	37.778895795652204
119	36.66632710338662
120	37.09638746249212
121	37.46301878685821
122	37.7504417787572
123	37.84989917049542
124	37.80239496060373
125	38.086651005176606
126	38.176413518776464
127	38.21658593376437
128	37.92551090413921
129	37.912558990457576
130	37.86116019763969
131	37.81816039860571
132	37.669265365238424
133	38.08776671309675
134	38.002993700754665
135	37.549953916411994
136	37.660083296951555
137	37.66914062770698
138	37.30381904742105
139	37.73736512754412
140	37.42354628801896
141	36.412423858131845
142	37.527813004580636
143	37.61364628594
144	37.705868900854455
145	37.644796019486776
146	37.57442326216364
147	37.28878817488202
148	37.2427738855048
149	37.01264699971588
150	37.443871575781515
151	37.364004906342906
152	37.53832560653625
153	37.48741883398127
154	37.43552109103761
155	37.13724593390297
156	37.365314650423066
157	37.25588518603217
158	37.062230168464964
159	37.07723332155257
160	37.07118355127752
161	37.40523066048523
162	37.40449609502228
163	37.29396478243696
164	37.053810385092476
165	37.150121619093156
166	37.311337948622
167	37.709936730352105
168	37.76594388197058
169	37.66295226017477
170	36.79308122492256
171	37.32534320145804
172	37.326036187743846
173	37.719860293964786
174	37.61414523606578
175	37.718023880307406
176	37.53845727393055
177	37.49330228754773
178	37.69470489179019
179	37.65076956127038
180	37.72382417551957
181	37.277866711017786
182	37.3911561090206
183	37.45659480398883
184	37.47568657616266
185	37.26203197438723
186	37.36314560334851
187	37.436380394032
188	37.54060553141653
189	37.71281955330104
190	37.45184784793109
191	37.59704926439506
192	37.609647755070924
193	37.565885671122565
194	37.6660499088723
195	37.691835928566974
196	37.3791397268248
197	37.533086630215585
198	37.52079998336833
199	37.505602794120705
200	37.40548706541097
201	36.98895379860433
202	36.960354254589305
203	36.78769672148188
204	37.13255441674809
205	37.01284796573876
206	37.32918927534424
207	37.27594020914326
208	37.2305773268747
209	37.24450635121931
210	37.31693727781127
211	37.08937444127981
212	37.03209219489546
213	37.25689001614658
214	37.48933147613009
215	37.20457648143143
216	37.525110358066016
217	37.44117585912975
218	37.46080123074364
219	37.47150786885928
220	37.487072340838374
221	37.2842699042986
222	36.48927603722722
223	36.998052708536896
224	37.095271754571975
225	37.219281650416136
226	37.1834889087545
227	37.1413345529892
228	37.06731668780275
229	37.40374073997076
230	37.4308018544313
231	37.458050075189014
232	37.204943764162905
233	37.18508277721184
234	37.06911845214583
235	37.345453663472
236	37.09154348835437
237	37.138860591948884
238	37.22773608310292
239	36.71992959259336
240	36.994546197930745
241	36.84728661219795
242	36.90704974948546
243	36.84297623750026
244	37.02753927499775
245	37.05681794557286
246	37.1929135222414
247	37.14599142082978
248	37.189067448355196
249	37.22844985897729
250	37.029257880986535
251	34.348710699015264
252	34.428383332293855
253	34.635447634491314
254	34.53409839019286
255	34.82414087025218
256	34.779928345218046
257	35.01099076249281
258	34.647138313132785
259	34.483510391329354
260	34.49624054939953
261	35.42493919045342
262	35.02663146296335
263	34.38676950583148
264	34.188637796858
265	34.348821576820995
266	34.24425687615642
267	34.7338863363894
268	34.87750774412174
269	34.97366652113955
270	34.773667285781606
271	35.060828043134755
272	35.0270772258838
273	34.686048929239725
274	35.52353626081171
275	35.26865899214759
276	35.2092363994261
277	35.4806897890155
278	34.912166517643634
279	34.64675827070797
280	35.238222998689714
281	35.220807132606296
282	35.075114050778595
283	35.4628376737376
284	35.17015946594868
285	35.40092856696717
286	35.34481705624341
287	35.4067128440749
288	35.46638349261873
289	35.71690058723085
290	35.55237566376289
291	35.399514108215044
292	35.351586794757885
293	35.49556447134607
294	35.23259591423078
295	35.27937164633935
296	35.07904902178746
297	34.543775279024835
298	35.002773202110134
299	34.800558907766316
300	34.67650084809387
301	35.17828853576272
302	35.19035561244365
303	34.557284093201886
304	34.89021946365698
305	34.49237363616121
306	34.82553301046538
307	34.972006318235906
308	34.30481253653241
309	33.743986027124635
310	34.412818371607514
311	35.029618494857125
312	34.689036924513445
313	34.98649206093954
314	34.684020225614915
315	34.22263562421759
316	33.97269643668916
317	34.18823348393504
318	33.78235627400097
319	33.075207490657675
320	32.57360700939158
321	32.239002337396954
322	32.69114436077597
323	32.88627741926452
324	33.44993490768089
325	33.16828349851615
326	33.361410361410364
327	33.419267385410755
328	34.32113274187445
329	34.08013186967348
330	33.45309494728271
331	32.73038781902715
332	32.99363483850958
333	33.06929017917189
334	32.86334769950908
335	32.89188974444171
336	32.67720181104033
337	32.86442027852831
338	32.76527496095298
339	33.125045090258936
340	33.18227718007488
341	33.68891781799857
342	34.13963076923077
343	33.55524922699903
344	32.80766963390909
345	34.165184995367724
346	33.699958475866566
347	33.7400596766359
348	33.03275922320403
349	33.46652172958254
350	33.276509872565306
351	33.442717569322866
352	33.87373760558208
353	33.62718998202794
354	34.278998771573484
355	33.624811714015486
356	32.9254952786521
357	33.035296610985874
358	32.82149022156333
359	33.31085726047134
360	33.228536024075055
361	32.701015444621284
362	32.98218293097586
363	33.69317996979203
364	33.0134336637484
365	33.386289577355186
366	34.507486344127976
367	33.88505183696478
368	34.21769314688089
369	33.70321857241151
370	34.507978248104365
371	34.07657461674302
372	33.820147205908754
373	33.71763309333953
374	33.43729961733375
375	34.29894627292832
376	33.86715241355485
377	34.09820237565902
378	34.05975344915687
379	34.05992644644382
380	33.462043143720805
381	34.09955814279703
382	32.87574077614223
383	33.45274478703238
384	32.92344330855018
385	33.62735481862058
386	33.90627921470863
387	34.15764374780127
388	33.66624852998824
389	33.87728589160116
390	33.2020559347428
391	33.314410844629826
392	33.709522617259225
393	33.441739057801534
394	32.56591384358009
395	33.91445874337623
396	34.33784095629298
397	33.06798552472859
398	33.78403894379702
399	33.59669869425967
400	33.08085106382979
401	32.3942332098076
402	33.406338843845425
403	33.70439786706088
404	32.231218786526405
405	31.208612440191388
406	30.75955498775684
407	32.1519542319414
408	32.30793075213475
409	34.3025219941349
410	33.18152454780362
411	33.2673052062522
412	32.486616859815285
413	34.12520612485277
414	32.94900431365597
415	31.927519081711143
416	30.17365269461078
417	30.86128971845933
418	31.568950400801604
419	31.143516145566377
420	30.885359737671187
421	30.510418006430868
422	30.45307128494519
423	30.441715399610136
424	32.12050464980165
425	31.785746827204687
426	33.02663107175413
427	33.96213503649635
428	33.65621120041822
429	31.855404344412456
430	33.42770057682223
431	32.881969157769866
432	33.004224701300416
433	32.19722609330413
434	32.18630338733431
435	31.216650197628457
436	31.86693715326654
437	33.09032041039442
438	32.28243344581927
439	34.518164832883535
440	34.10575589459084
441	32.25962125839951
442	32.616271620755924
443	33.16251638269987
444	32.245169886742175
445	34.75344452501813
446	32.82329317269076
447	32.16814159292036
448	32.470588235294116
449	31.277372262773724
450	31.98507462686567
451	32.576826196473554
452	33.130102040816325
453	33.31443298969072
454	33.78134110787172
455	34.53958944281525
456	33.26829268292683
457	32.96594427244582
458	34.23824451410658
459	33.73162939297124
460	33.898305084745765
461	32.41811846689895
462	33.14336917562724
463	32.27777777777778
464	33.70411985018727
465	33.64143426294821
466	32.97826086956522
467	34.68062827225131
468	34.175257731958766
469	34.391304347826086
470	33.24390243902439
471	34.328947368421055
472	33.8
473	35.215384615384615
474	35.646153846153844
475	35.11538461538461
476	34.7
477	36.224489795918366
478	35.354838709677416
479	32.73076923076923
480	34.61538461538461
481	32.75
482	37.333333333333336
483	37.142857142857146
484	38.0
