	sequences per sample	iteration	CK1	CK2	CK3	JXBR161	JXBR162	JXBR163	RW371	RW372	RW373	R37J161	R37J162	R37J163
alpha_rarefaction_10_0.txt	10	0	0.2	0.5	0.5	0.2	0.5	0.6	0.4	0.2	0.2	0.2	0.2	0.8
alpha_rarefaction_10_1.txt	10	1	0.0	0.5	0.2	0.3	0.5	0.6	0.4	0.2	0.4	0.0	0.3	0.6
alpha_rarefaction_10_2.txt	10	2	0.0	0.6	0.2	0.4	0.4	0.8	0.2	0.0	0.5	0.3	0.0	0.6
alpha_rarefaction_10_3.txt	10	3	0.2	0.4	0.5	0.3	0.3	0.7	0.3	0.0	0.4	0.0	0.2	0.3
alpha_rarefaction_10_4.txt	10	4	0.0	0.4	0.4	0.3	0.6	0.8	0.6	0.0	0.4	0.3	0.5	0.5
alpha_rarefaction_10_5.txt	10	5	0.0	0.4	0.3	0.3	0.4	0.5	0.2	0.0	0.4	0.0	0.4	0.7
alpha_rarefaction_10_6.txt	10	6	0.0	0.3	0.3	0.6	0.0	0.6	0.2	0.0	0.7	0.4	0.0	0.5
alpha_rarefaction_10_7.txt	10	7	0.0	0.6	0.5	0.4	0.2	0.5	0.0	0.0	0.4	0.0	0.0	0.2
alpha_rarefaction_10_8.txt	10	8	0.2	0.6	0.2	0.5	0.7	0.5	0.0	0.0	0.0	0.2	0.0	0.5
alpha_rarefaction_10_9.txt	10	9	0.2	0.6	0.4	0.0	0.3	0.6	0.2	0.0	0.5	0.7	0.2	0.5
alpha_rarefaction_4473_0.txt	4473	0	0.87614576347	0.905432595573	0.8895595797	0.88665325285	0.912363067293	0.920187793427	0.899619941873	0.87614576347	0.979432148446	0.877710708697	0.89827856025	0.919293539012
alpha_rarefaction_4473_1.txt	4473	1	0.868991728147	0.904314777554	0.89939637827	0.88777107087	0.912363067293	0.927565392354	0.894254415381	0.872792309412	0.981667784485	0.887323943662	0.908338922423	0.914598703331
alpha_rarefaction_4473_2.txt	4473	2	0.872345182204	0.899172814666	0.900961323497	0.890230270512	0.907444668008	0.925776883523	0.903867650347	0.885758998435	0.977867203219	0.894701542589	0.900737759893	0.921752738654
alpha_rarefaction_4473_3.txt	4473	3	0.871227364185	0.900514196289	0.890006706908	0.891795215739	0.91102168567	0.926671137939	0.909680304047	0.876816454281	0.979432148446	0.888218198077	0.90520903197	0.90990386765
alpha_rarefaction_4473_4.txt	4473	4	0.867203219316	0.903196959535	0.881064162754	0.891124524927	0.912363067293	0.926224010731	0.897831433043	0.869215291751	0.979208584842	0.890230270512	0.902749832327	0.920411357031
alpha_rarefaction_4473_5.txt	4473	5	0.864744019674	0.892242342947	0.89649005142	0.891571652135	0.916163648558	0.925776883523	0.899843505477	0.87323943662	0.979879275654	0.886429689247	0.904314777554	0.915940084954
alpha_rarefaction_4473_6.txt	4473	6	0.871003800581	0.896937178627	0.894477978985	0.89358372457	0.914822266935	0.921752738654	0.900514196289	0.886429689247	0.982114911692	0.888218198077	0.898949251062	0.919293539012
alpha_rarefaction_4473_7.txt	4473	7	0.867203219316	0.893360160966	0.894030851777	0.890900961323	0.911468812877	0.9244355019	0.902973395931	0.875251509054	0.976525821596	0.891348088531	0.89649005142	0.919964229823
alpha_rarefaction_4473_8.txt	4473	8	0.870556673374	0.90811535882	0.895819360608	0.896042924212	0.91571652135	0.928012519562	0.89649005142	0.875922199866	0.980773530069	0.882405544377	0.900737759893	0.917281466577
alpha_rarefaction_4473_9.txt	4473	9	0.870780236977	0.896266487816	0.89939637827	0.896266487816	0.914598703331	0.92264699307	0.90409121395	0.884417616812	0.978537894031	0.890006706908	0.904314777554	0.915940084954
alpha_rarefaction_8936_0.txt	8936	0	0.898836168308	0.920658012534	0.91763652641	0.920993733214	0.934198746643	0.938898836168	0.925805729633	0.907564905998	0.989145031334	0.912488809311	0.933303491495	0.931401074306
alpha_rarefaction_8936_1.txt	8936	1	0.905774395703	0.925022381379	0.917188898836	0.917412712623	0.9315129812	0.940129811996	0.923231871083	0.905214861235	0.987466427932	0.910138764548	0.928267681289	0.937779767234
alpha_rarefaction_8936_2.txt	8936	2	0.903983885407	0.923008057296	0.914615040286	0.912712623098	0.929498657117	0.94057743957	0.925470008953	0.909914950761	0.988249776186	0.911145926589	0.924015219338	0.935429722471
alpha_rarefaction_8936_3.txt	8936	3	0.907788719785	0.919874664279	0.917076991943	0.918084153984	0.931401074306	0.940913160251	0.924798567592	0.909355416294	0.987466427932	0.913831692032	0.9315129812	0.93442256043
alpha_rarefaction_8936_4.txt	8936	4	0.904991047449	0.927708146822	0.915957923008	0.915734109221	0.930058191585	0.942591763653	0.927820053715	0.91215308863	0.987130707252	0.911145926589	0.929946284691	0.935317815577
alpha_rarefaction_8936_5.txt	8936	5	0.901745747538	0.922000895255	0.918531781558	0.911257833483	0.933639212175	0.93766786034	0.925134288272	0.913607878245	0.987130707252	0.914503133393	0.931624888093	0.93733213966
alpha_rarefaction_8936_6.txt	8936	6	0.90599820949	0.922224709042	0.919650850492	0.915846016115	0.931624888093	0.94024171889	0.929051029543	0.908236347359	0.985004476276	0.914167412713	0.928491495076	0.94024171889
alpha_rarefaction_8936_7.txt	8936	7	0.902417188899	0.922000895255	0.914615040286	0.916741271262	0.935765443151	0.941920322292	0.924127126231	0.910026857654	0.987578334825	0.916741271262	0.927484333035	0.93442256043
alpha_rarefaction_8936_8.txt	8936	8	0.904095792301	0.929386750224	0.926141450313	0.918755595345	0.931736794987	0.942144136079	0.924127126231	0.909579230081	0.989480752014	0.910922112802	0.929051029543	0.932967770815
alpha_rarefaction_8936_9.txt	8936	9	0.904767233662	0.924574753805	0.91472694718	0.916405550582	0.93475828111	0.936884512086	0.927596239928	0.911481647269	0.987466427932	0.911145926589	0.931624888093	0.933974932856
alpha_rarefaction_13399_0.txt	13399	0	0.921561310546	0.930815732517	0.929472348683	0.929173818942	0.937905813867	0.949697738637	0.938353608478	0.925591462049	0.990223150981	0.926785581014	0.940294051795	0.942831554594
alpha_rarefaction_13399_1.txt	13399	1	0.921412045675	0.933502500187	0.928651391895	0.928800656765	0.940741846406	0.94902604672	0.934845884021	0.92290469438	0.98977535637	0.923128591686	0.939547727442	0.942756922158
alpha_rarefaction_13399_2.txt	13399	2	0.918725278006	0.935666840809	0.929770878424	0.931487424435	0.937980446302	0.950518695425	0.937756548996	0.925292932308	0.992312859169	0.926487051272	0.94335398164	0.941935965371
alpha_rarefaction_13399_3.txt	13399	3	0.921934472722	0.933278602881	0.931412791999	0.92715874319	0.938652138219	0.949548473767	0.939398462572	0.924397343085	0.990969475334	0.923651018733	0.94163743563	0.946787073662
alpha_rarefaction_13399_4.txt	13399	4	0.918277483394	0.935144413762	0.93581610568	0.929323083812	0.941338905888	0.94477199791	0.938577505784	0.927382640496	0.98992462124	0.922307634898	0.940517949101	0.944548100605
alpha_rarefaction_13399_5.txt	13399	5	0.919098440182	0.937308754385	0.931935219046	0.929099186506	0.941861332935	0.949697738637	0.934248824539	0.922830061945	0.990223150981	0.925069035003	0.940294051795	0.945742219569
alpha_rarefaction_13399_6.txt	13399	6	0.92432271065	0.935069781327	0.931039629823	0.932681543399	0.940965743712	0.951414284648	0.933726397492	0.929621613553	0.991268005075	0.925516829614	0.941264273453	0.942085230241
alpha_rarefaction_13399_7.txt	13399	7	0.921038883499	0.937010224644	0.924471975521	0.927830435107	0.943577878946	0.94760803045	0.932233748787	0.925069035003	0.989999253676	0.923725651168	0.94163743563	0.942607657288
alpha_rarefaction_13399_8.txt	13399	8	0.921188148369	0.935741473244	0.931338159564	0.929920143294	0.943577878946	0.949921635943	0.937308754385	0.924248078215	0.990596313158	0.925442197179	0.940517949101	0.946339279051
alpha_rarefaction_13399_9.txt	13399	9	0.923651018733	0.93596537055	0.93156205687	0.928875289201	0.93880140309	0.947384133144	0.937084857079	0.92872602433	0.990372415852	0.923277856556	0.942458392417	0.943279349205
alpha_rarefaction_17862_0.txt	17862	0	0.932594334341	0.944687045124	0.940096293808	0.9383047811	0.948270070541	0.952412943679	0.942111745605	0.935673496809	0.991938192812	0.933993953645	0.947822192364	0.949837644161
alpha_rarefaction_17862_1.txt	17862	1	0.931474638898	0.944966968984	0.939144552682	0.936457283619	0.947822192364	0.953700593439	0.945582801478	0.932930242974	0.9921621319	0.934609786138	0.947934161908	0.951965065502
alpha_rarefaction_17862_2.txt	17862	2	0.932930242974	0.943567349681	0.937912887695	0.940208263352	0.946142649199	0.952077035046	0.944127197402	0.93858470496	0.991770238495	0.935617512037	0.949389765984	0.952636882768
alpha_rarefaction_17862_3.txt	17862	3	0.932370395252	0.941999776061	0.938920613593	0.939816369947	0.946982420782	0.953924532527	0.943623334453	0.934105923189	0.992610010077	0.932370395252	0.948102116224	0.950565446199
alpha_rarefaction_17862_4.txt	17862	4	0.934497816594	0.942167730377	0.937968872467	0.937297055201	0.946926436009	0.953756578211	0.944966968984	0.935729481581	0.992498040533	0.935561527265	0.946590527377	0.951069309148
alpha_rarefaction_17862_5.txt	17862	5	0.93125069981	0.945078938529	0.93936849177	0.938976598365	0.945806740567	0.952412943679	0.945302877617	0.937744933378	0.993337812115	0.930858806405	0.948885903034	0.9495577203
alpha_rarefaction_17862_6.txt	17862	6	0.932930242974	0.94328742582	0.939984324264	0.937744933378	0.948997872579	0.954036502071	0.942951517187	0.939256522226	0.991770238495	0.935785466353	0.949669689844	0.952468928451
alpha_rarefaction_17862_7.txt	17862	7	0.931754562759	0.943735303997	0.935897435897	0.939144552682	0.947878177136	0.952860821856	0.945302877617	0.937297055201	0.993337812115	0.92996305005	0.946534542604	0.949277796439
alpha_rarefaction_17862_8.txt	17862	8	0.933993953645	0.944239166947	0.938416750644	0.936849177024	0.947374314187	0.954988243198	0.944239166947	0.935785466353	0.992777964394	0.932370395252	0.946534542604	0.952077035046
alpha_rarefaction_17862_9.txt	17862	9	0.932482364797	0.943847273542	0.939256522226	0.939144552682	0.947430298959	0.952300974135	0.944966968984	0.935729481581	0.992386070989	0.931362669354	0.947654238047	0.948717948718
alpha_rarefaction_22325_0.txt	22325	0	0.939798432251	0.948264277716	0.945576707727	0.941814109742	0.952833146697	0.956685330347	0.948846584546	0.944232922732	0.993012318029	0.940425531915	0.95444568869	0.956640537514
alpha_rarefaction_22325_1.txt	22325	1	0.9439193729	0.950055991041	0.946203807391	0.942127659574	0.953684210526	0.956237402016	0.948801791713	0.94235162374	0.993012318029	0.937245240761	0.954759238522	0.952564389698
alpha_rarefaction_22325_2.txt	22325	2	0.942665173572	0.948129899216	0.945979843225	0.943471444569	0.952071668533	0.956685330347	0.949025755879	0.941679731243	0.993236282195	0.939977603583	0.952385218365	0.954624860022
alpha_rarefaction_22325_3.txt	22325	3	0.940111982083	0.94804031355	0.945039193729	0.945352743561	0.951578947368	0.958163493841	0.9518924972	0.943426651736	0.99431131019	0.936618141097	0.954893617021	0.955834266517
alpha_rarefaction_22325_4.txt	22325	4	0.940201567749	0.950235162374	0.945442329227	0.944680851064	0.950100783875	0.957849944009	0.950414333707	0.943964165733	0.994042553191	0.938454647256	0.953415453527	0.955027995521
alpha_rarefaction_22325_5.txt	22325	5	0.941097424412	0.949070548712	0.945263157895	0.944591265398	0.952922732363	0.958521836506	0.949160134378	0.944367301232	0.993639417693	0.936483762598	0.953863381859	0.953908174692
alpha_rarefaction_22325_6.txt	22325	6	0.940649496081	0.94960806271	0.944860022396	0.945039193729	0.952385218365	0.956058230683	0.950235162374	0.943784994401	0.992788353863	0.939753639418	0.955117581187	0.955789473684
alpha_rarefaction_22325_7.txt	22325	7	0.938454647256	0.951041433371	0.945800671892	0.945263157895	0.949832026876	0.956954087346	0.948801791713	0.943337066069	0.993370660694	0.939036954087	0.953012318029	0.954087346025
alpha_rarefaction_22325_8.txt	22325	8	0.941231802912	0.948712206047	0.945935050392	0.946159014558	0.949921612542	0.959462486002	0.949025755879	0.942754759239	0.993415453527	0.939260918253	0.954490481523	0.955744680851
alpha_rarefaction_22325_9.txt	22325	9	0.938678611422	0.949294512878	0.946114221725	0.943113101904	0.951041433371	0.957088465845	0.949652855543	0.943068309071	0.993281075028	0.937827547592	0.953281075028	0.954804031355
alpha_rarefaction_26788_0.txt	26788	0	0.947663132746	0.953523965955	0.95154546812	0.946431237868	0.95550246379	0.961251306555	0.954307899059	0.946767209198	0.994139166791	0.942548902494	0.958488875616	0.96013140212
alpha_rarefaction_26788_1.txt	26788	1	0.946617888607	0.955017171868	0.950537554129	0.947513812155	0.954755860833	0.96117664626	0.953299985068	0.947999104076	0.994923099895	0.94415409885	0.956734358668	0.95721965059
alpha_rarefaction_26788_2.txt	26788	2	0.945908615798	0.953747946842	0.951620128416	0.949119008511	0.95497984172	0.961661938181	0.954419889503	0.947737793042	0.994885769748	0.942324921607	0.959496789607	0.958787516799
alpha_rarefaction_26788_3.txt	26788	3	0.946916529789	0.953897267433	0.950238912946	0.94949230999	0.955539793938	0.960840674929	0.953934597581	0.948596386442	0.994923099895	0.941839629685	0.958974167538	0.959982081529
alpha_rarefaction_26788_4.txt	26788	4	0.946841869494	0.953523965955	0.952665372555	0.948559056294	0.955091832164	0.960542033746	0.954905181425	0.947215170972	0.994027176348	0.944228759146	0.958750186651	0.957144990294
alpha_rarefaction_26788_5.txt	26788	5	0.946916529789	0.954233238764	0.949230998955	0.94725250112	0.951956099746	0.961325966851	0.95378527699	0.949529640137	0.993803195461	0.942996864268	0.958376885172	0.958003583694
alpha_rarefaction_26788_6.txt	26788	6	0.946841869494	0.956062416007	0.950425563685	0.947961773929	0.95669702852	0.959571449903	0.953971927729	0.949380319546	0.994101836643	0.943034194415	0.958899507242	0.95841421532
alpha_rarefaction_26788_7.txt	26788	7	0.945497984172	0.95378527699	0.951844109303	0.950724204868	0.954681200538	0.960915335225	0.953673286546	0.948521726146	0.994624458713	0.941876959833	0.957368971181	0.958451545468
alpha_rarefaction_26788_8.txt	26788	8	0.947775123189	0.954009257877	0.950574884277	0.94844706585	0.955315813051	0.960056741825	0.954867851277	0.947289831268	0.994437807974	0.942996864268	0.959048827833	0.958712856503
alpha_rarefaction_26788_9.txt	26788	9	0.946057936389	0.954345229207	0.951844109303	0.94844706585	0.953225324772	0.961363296999	0.955017171868	0.949790951172	0.994176496939	0.943071524563	0.958302224877	0.957779602807
alpha_rarefaction_31251_0.txt	31251	0	0.952353524687	0.958593325014	0.955489424338	0.953601484752	0.956289398739	0.964257143771	0.957505359828	0.953281494992	0.994880163835	0.946113724361	0.963617164251	0.96112124412
alpha_rarefaction_31251_1.txt	31251	1	0.951841541071	0.95894531375	0.954529455057	0.953345492944	0.956033406931	0.962401203161	0.958401331157	0.954113468369	0.995680138236	0.9457937346	0.960705257432	0.960129275863
alpha_rarefaction_31251_2.txt	31251	2	0.950753575886	0.958209337301	0.95321749704	0.95289750728	0.959073309654	0.964225144795	0.958305334229	0.953665482705	0.995136155643	0.947585677258	0.962945185754	0.961249240024
alpha_rarefaction_31251_3.txt	31251	3	0.952193529807	0.957857348565	0.954785446866	0.953281494992	0.958081341397	0.964769127388	0.958497328086	0.954657450962	0.995680138236	0.947105692618	0.960897251288	0.962433202138
alpha_rarefaction_31251_4.txt	31251	4	0.951457553358	0.958145339349	0.954561454033	0.952769511376	0.958497328086	0.964001151963	0.958017343445	0.953473488848	0.994944161787	0.946369716169	0.96096124924	0.962465201114
alpha_rarefaction_31251_5.txt	31251	5	0.951905539023	0.958593325014	0.956129403859	0.952513519567	0.957697353685	0.963681162203	0.958081341397	0.953697481681	0.995264151547	0.946593709001	0.961825221593	0.961217241048
alpha_rarefaction_31251_6.txt	31251	6	0.952353524687	0.957633355733	0.955777415123	0.9527375124	0.9574093629	0.962593197018	0.959457297366	0.952129531855	0.995072157691	0.944129787847	0.961537230809	0.96096124924
alpha_rarefaction_31251_7.txt	31251	7	0.9527375124	0.958241336277	0.955169434578	0.953569485776	0.956385395667	0.964225144795	0.956833381332	0.953569485776	0.995456145403	0.94700969569	0.962529199066	0.960289270743
alpha_rarefaction_31251_8.txt	31251	8	0.952801510352	0.958433330133	0.95475344789	0.953921474513	0.957313365972	0.964705129436	0.958721320918	0.954465457105	0.994496176122	0.947105692618	0.962177210329	0.962081213401
alpha_rarefaction_31251_9.txt	31251	9	0.95305750216	0.958497328086	0.955041438674	0.953921474513	0.95862532399	0.96313717961	0.958209337301	0.953953473489	0.995296150523	0.9488656363	0.961761223641	0.960385267671
alpha_rarefaction_35714_0.txt	35714	0	0.955843646749	0.962115696926	0.959315674525	0.956543652349	0.960855686845	0.965419723358	0.96172369379	0.957243657949	0.99593996752	0.951559612477	0.964047712382	0.963375707006
alpha_rarefaction_35714_1.txt	35714	1	0.956515652125	0.962087696702	0.958307666461	0.956683653469	0.960771686173	0.96536372291	0.96102368819	0.957411659293	0.995603964832	0.950131601053	0.965531724254	0.962871702974
alpha_rarefaction_35714_2.txt	35714	2	0.957075656605	0.961975695806	0.959567676541	0.955983647869	0.959567676541	0.965671725374	0.960883687069	0.956683653469	0.995967967744	0.951363610909	0.964887719102	0.963011704094
alpha_rarefaction_35714_3.txt	35714	3	0.956599652797	0.963627709022	0.959791678333	0.955955647645	0.960715685725	0.96592372739	0.961051688414	0.957523660189	0.995631965056	0.951111608893	0.965027720222	0.962451699614
alpha_rarefaction_35714_4.txt	35714	4	0.957047656381	0.961835694686	0.959875679005	0.956823654589	0.959931679453	0.96564372515	0.961611692894	0.958223665789	0.995435963488	0.949627597021	0.964747717982	0.963907711262
alpha_rarefaction_35714_5.txt	35714	5	0.955703645629	0.962395699166	0.957215657725	0.957999663997	0.959987679901	0.965587724702	0.961275690206	0.957495659965	0.99565996528	0.951699613597	0.965391723134	0.964271714174
alpha_rarefaction_35714_6.txt	35714	6	0.957551660413	0.962591700734	0.959203673629	0.956515652125	0.959343674749	0.966007728062	0.961695693566	0.956319650557	0.995687965504	0.951811614493	0.966399731198	0.961471691774
alpha_rarefaction_35714_7.txt	35714	7	0.956179649437	0.961555692446	0.958531668253	0.956963655709	0.959259674077	0.966007728062	0.960939687518	0.958559668477	0.995911967296	0.950075600605	0.96396371171	0.962535700286
alpha_rarefaction_35714_8.txt	35714	8	0.956991655933	0.962647701182	0.959259674077	0.957075656605	0.960463683709	0.966119728958	0.96158369267	0.957663661309	0.995631965056	0.951839614717	0.96452371619	0.963207705662
alpha_rarefaction_35714_9.txt	35714	9	0.957775662205	0.961807694462	0.958335666685	0.956151649213	0.960211681693	0.965419723358	0.960379683037	0.956991655933	0.995911967296	0.950663605309	0.96522372179	0.963935711486
alpha_rarefaction_40177_0.txt	40177	0	0.96064912761	0.965029743386	0.962242078801	0.960250889813	0.962316748388	0.968813002464	0.964208377928	0.961022475546	0.99599273216	0.954302212709	0.968215645767	0.965378201459
alpha_rarefaction_40177_1.txt	40177	1	0.959977101327	0.965054633248	0.962242078801	0.960300669537	0.96286432536	0.967269830998	0.963909699579	0.96159494238	0.996067401747	0.953480847251	0.967643178933	0.965527540633
alpha_rarefaction_40177_2.txt	40177	2	0.960101550638	0.965353311596	0.961619832242	0.959329964905	0.961843841004	0.968738332877	0.964805734624	0.960947805959	0.99641585982	0.954849789681	0.968912561914	0.965826218981
alpha_rarefaction_40177_3.txt	40177	3	0.960001991189	0.965651989944	0.961918510591	0.959504193942	0.961943400453	0.967643178933	0.964009259029	0.960599347886	0.995793613261	0.955123578167	0.968962341638	0.964706175175
alpha_rarefaction_40177_4.txt	40177	4	0.960773576922	0.965129302835	0.962142519352	0.959678422978	0.962814545636	0.968688553152	0.964556836001	0.960873136372	0.996316300371	0.954974238992	0.967369390447	0.966249346641
alpha_rarefaction_40177_5.txt	40177	5	0.960101550638	0.965278642009	0.962640316599	0.959977101327	0.962490977425	0.968514324116	0.963536351644	0.961346043756	0.99566916395	0.953555516838	0.967095601961	0.965353311596
alpha_rarefaction_40177_6.txt	40177	6	0.960375339124	0.965826218981	0.961993180178	0.959977101327	0.962192299077	0.966747143888	0.96371058068	0.962042959902	0.996341190233	0.952808820967	0.966821813475	0.965527540633
alpha_rarefaction_40177_7.txt	40177	7	0.960599347886	0.965427981183	0.963163003709	0.960126440501	0.961395823481	0.967444060034	0.964208377928	0.961296264032	0.996266520646	0.954501331608	0.968713443015	0.964880404211
alpha_rarefaction_40177_8.txt	40177	8	0.960026881051	0.96602533788	0.962416307838	0.960275779675	0.963187893571	0.966697364164	0.964108818478	0.960375339124	0.996067401747	0.954177763397	0.967867187694	0.965627100082
alpha_rarefaction_40177_9.txt	40177	9	0.960848246509	0.965054633248	0.963113223984	0.960275779675	0.962042959902	0.96781740797	0.9647559549	0.96201807004	0.996017622023	0.954376882296	0.96824053563	0.965651989944
alpha_rarefaction_44640_0.txt	44640	0	0.963508064516	0.968122759857	0.96541218638	0.962634408602	0.964068100358	0.970295698925	0.966845878136	0.964112903226	0.996505376344	0.956698028674	0.970385304659	0.966733870968
alpha_rarefaction_44640_1.txt	44640	1	0.963216845878	0.968122759857	0.964852150538	0.962948028674	0.964269713262	0.970273297491	0.96686827957	0.963844086022	0.996348566308	0.956653225806	0.97020609319	0.967249103943
alpha_rarefaction_44640_2.txt	44640	2	0.963060035842	0.968122759857	0.965188172043	0.962813620072	0.964852150538	0.970161290323	0.968077956989	0.964471326165	0.996393369176	0.957616487455	0.970183691756	0.966823476703
alpha_rarefaction_44640_3.txt	44640	3	0.963172043011	0.968122759857	0.965524193548	0.962768817204	0.964068100358	0.970004480287	0.966599462366	0.964583333333	0.996908602151	0.956653225806	0.970990143369	0.967831541219
alpha_rarefaction_44640_4.txt	44640	4	0.963306451613	0.968122759857	0.964941756272	0.962701612903	0.963978494624	0.970071684588	0.967249103943	0.964247311828	0.996012544803	0.956003584229	0.970138888889	0.967137096774
alpha_rarefaction_44640_5.txt	44640	5	0.963687275986	0.968122759857	0.965479390681	0.9625	0.963060035842	0.970116487455	0.966733870968	0.964628136201	0.996706989247	0.956989247312	0.970721326165	0.967831541219
alpha_rarefaction_44640_6.txt	44640	6	0.963172043011	0.968122759857	0.964919354839	0.962544802867	0.964650537634	0.969892473118	0.967338709677	0.96438172043	0.996370967742	0.956317204301	0.970497311828	0.967629928315
alpha_rarefaction_44640_7.txt	44640	7	0.963866487455	0.968122759857	0.965165770609	0.962634408602	0.964247311828	0.970004480287	0.966801075269	0.964784946237	0.996617383513	0.956630824373	0.970766129032	0.967361111111
alpha_rarefaction_44640_8.txt	44640	8	0.963664874552	0.968122759857	0.965120967742	0.962432795699	0.964695340502	0.970250896057	0.966621863799	0.964717741935	0.996818996416	0.955958781362	0.971214157706	0.967741935484
alpha_rarefaction_44640_9.txt	44640	9	0.963664874552	0.968122759857	0.965255376344	0.962768817204	0.964180107527	0.969847670251	0.967383512545	0.963485663082	0.996594982079	0.957146057348	0.971751792115	0.968055555556