#Length	Count
384	33
398	72
443	301
386	79
331	74
407	182
358	1676
445	48
366	77
376	707
329	63
437	161
463	7
458	3
424	18
368	115
400	2
451	12
313	1
454	6
316	4
395	807
343	916
468	30
347	537
475	3
441	35
434	36
413	48
397	5
349	498
325	6
378	257
350	1192
374	1177
442	196
429	1783
431	22
382	153
337	2420
432	27
459	10
409	273
340	3891
311	4
371	299
389	852
346	172
435	276
327	34
427	35
401	66
320	1
333	332
339	1789
418	23
471	17
465	6
361	377
348	1275
345	122
319	15
404	62
412	472
446	13
385	34
307	1
420	6
352	330
344	272
388	919
364	69
355	2069
479	14
426	21
369	180
326	27
448	15
367	421
483	26
357	5746
335	984
372	114
391	15
428	70
455	3
460	1
336	1738
457	2
453	18
324	6
383	229
433	70
351	669
410	24
334	553
359	971
440	40
377	132
430	39
447	107
379	114
462	1
414	14
477	172
423	11
415	59
452	5
342	19249
330	114
341	2255
480	112
394	30
438	239
360	6781
467	11
481	13
474	6
419	24
444	110
422	18
476	9
406	12
417	75
396	17
482	58
312	4
302	4
393	155
405	6
449	21
365	20
370	52
470	11
309	14
469	3
402	15
353	2012
375	1517
416	7
338	383
380	337
300	1
403	154
466	4
310	4
303	1
484	23
381	124
421	67
392	114
373	89
387	57
328	51
464	3
363	223
354	1199
399	67
318	31
473	1
436	57
332	604
390	15
425	9
472	11
356	1176
408	30
456	4
439	512
362	1113
317	2
411	214
478	7
