#Length	Count
398	2
428	6
443	9332
455	631
407	1
460	1903
445	1753
457	411
453	340
433	1
437	35
440	2152
463	286
368	1
424	2
458	3353
400	4
451	39
377	1
454	81
430	2
447	1028
395	5
379	2
414	1
462	377
477	1
423	693
343	1
468	211
452	64
347	1
480	1
475	28
441	34336
341	1
438	89
413	1
397	2
434	7
467	3562
349	1
481	3
474	79
419	6
444	3653
378	2
422	38
476	29
374	3
442	22642
417	2
406	6
429	3
396	1
431	1
482	2
337	1
382	3
409	1
459	1255
405	1
340	2
449	162
371	1
470	6
346	4
469	115
435	14
401	10
402	8
375	2
416	1
338	2
380	1
403	1
466	23226
471	2
381	1
361	1
465	9406
421	5
392	1
450	79
404	3
373	5
412	1
385	1
446	10566
420	4
464	1263
354	1
352	2
461	7497
399	2
355	1
473	7
426	24
436	35
425	5
356	2
367	1
472	1
456	410
448	1021
362	1
439	283
483	3
411	1
372	2
478	9
