Eigvals	12
0.770045822794	0.616989403694	0.371950555687	0.26850002203	0.204704806915	0.171769560505	0.154342870532	0.125792438627	0.0813904083911	0.0516079378366	0.0450052597964	0.0

Proportion explained	12
0.269049323395	0.21557234218	0.129957260181	0.0938122734001	0.0715226135456	0.0600152389191	0.0539264595147	0.0439511123871	0.0284373132874	0.0180314993546	0.0157245638363	0.0

Species	0	0

Site	12	12
CK1	-0.145735330782	0.1075223286	0.230574488974	-0.132619875269	0.278861862584	0.192489297375	-0.0685495984132	0.0141674118626	0.0288756591872	-0.0285180679646	-0.0192948666124	-0.0
CK2	-0.320926151654	0.224383333725	-0.261637527217	-0.172163540021	-0.0742643589586	0.0900482410073	0.129510007752	-0.151883316577	-0.0349370710189	0.00822170524002	0.0331156105114	-0.0
CK3	-0.252051100837	0.207701112358	-0.166996157068	-0.0547218544243	-0.000287932729218	-0.189350092099	-0.248840804208	0.0765524428663	-0.00623041588938	0.0130753118786	-0.0283140085197	-0.0
JXBR161	0.260757489442	-0.00755075330023	0.0332447849301	0.0390484021887	0.055181330984	-0.05999726566	0.03669103815	-0.0575474712513	-0.216157555755	-0.0426795730873	-0.0791997168699	-0.0
JXBR162	0.268600901234	-0.0234046388169	0.0339114191391	-0.0460365122376	0.114571768955	-0.0755537954938	0.0204323560519	0.0358347517893	-0.0452356940114	0.115215705365	0.137234500239	-0.0
JXBR163	0.344618569693	-0.0747587411783	-0.265279773225	0.0102717964903	-0.00863589196281	0.13947880344	0.0206886898209	0.0823612535399	0.0720156100578	0.0831875744117	-0.0938375422969	-0.0
RW371	-0.193957160542	0.189523149157	0.0247294251344	0.164521985658	0.0578242005224	-0.109578683346	0.233326645084	0.161826080762	0.0466604885986	-0.0405857926586	-0.00772126791933	-0.0
RW372	-0.118240152403	0.114368995792	0.100826095369	0.358117662886	-0.140598517305	0.159937528086	-0.10154528617	-0.0266061431083	-0.0327670870271	0.0253600846098	0.0359733497005	-0.0
RW373	-0.360208149692	-0.670635714497	-0.0469584855454	0.0311807210997	0.0304571600779	-0.0245226065223	0.00513978575972	-0.0123848348122	-0.00280123332011	-0.00223228764944	0.00162025496965	-0.0
R37J161	0.154095109672	0.0363795362797	0.146674616369	0.0607947864648	0.0161192362267	-0.151883776906	0.0083045209371	-0.225361724492	0.139207896936	0.0162715839426	-0.0361846828205	-0.0
R37J162	0.0196831058058	-0.0392553111103	0.309859431	-0.232055840388	-0.280123026762	0.00188002767984	0.0229881137725	0.084216714964	-0.000617449553586	0.0133148457814	-0.0194207746411	-0.0
R37J163	0.343362870062	-0.0642732970088	-0.138948317861	-0.0263377324471	-0.0491058316335	0.0270523224394	-0.0581454685371	0.0188248344568	0.0519868517961	-0.160631089869	0.0760291442591	-0.0

Biplot	0	0

Site constraints	0	0
