	sequences per sample	iteration	CK1	CK2	CK3	JXBR161	JXBR162	JXBR163	RW371	RW372	RW373	R37J161	R37J162	R37J163
alpha_rarefaction_10_0.txt	10	0	9.0	6.0	7.0	9.0	6.0	5.0	8.0	9.0	9.0	9.0	9.0	3.0
alpha_rarefaction_10_1.txt	10	1	10.0	7.0	9.0	8.0	6.0	5.0	8.0	9.0	8.0	10.0	8.0	5.0
alpha_rarefaction_10_2.txt	10	2	10.0	6.0	9.0	7.0	7.0	3.0	9.0	10.0	7.0	8.0	10.0	5.0
alpha_rarefaction_10_3.txt	10	3	9.0	7.0	6.0	8.0	8.0	4.0	8.0	10.0	8.0	10.0	9.0	8.0
alpha_rarefaction_10_4.txt	10	4	10.0	7.0	8.0	8.0	6.0	3.0	6.0	10.0	8.0	8.0	7.0	6.0
alpha_rarefaction_10_5.txt	10	5	10.0	7.0	8.0	8.0	7.0	6.0	9.0	10.0	8.0	10.0	8.0	4.0
alpha_rarefaction_10_6.txt	10	6	10.0	8.0	8.0	6.0	10.0	5.0	9.0	10.0	6.0	8.0	10.0	6.0
alpha_rarefaction_10_7.txt	10	7	10.0	5.0	7.0	7.0	9.0	6.0	10.0	10.0	8.0	10.0	10.0	9.0
alpha_rarefaction_10_8.txt	10	8	9.0	5.0	9.0	6.0	5.0	6.0	10.0	10.0	10.0	9.0	10.0	6.0
alpha_rarefaction_10_9.txt	10	9	9.0	5.0	7.0	10.0	8.0	6.0	9.0	10.0	7.0	5.0	9.0	6.0
alpha_rarefaction_4473_0.txt	4473	0	890.0	656.0	723.0	756.0	579.0	486.0	701.0	845.0	188.0	799.0	734.0	550.0
alpha_rarefaction_4473_1.txt	4473	1	943.0	649.0	696.0	756.0	578.0	456.0	725.0	868.0	179.0	756.0	687.0	585.0
alpha_rarefaction_4473_2.txt	4473	2	905.0	669.0	692.0	745.0	593.0	474.0	697.0	816.0	198.0	729.0	733.0	546.0
alpha_rarefaction_4473_3.txt	4473	3	899.0	670.0	715.0	740.0	584.0	460.0	672.0	841.0	192.0	739.0	703.0	601.0
alpha_rarefaction_4473_4.txt	4473	4	920.0	658.0	766.0	737.0	579.0	461.0	706.0	879.0	192.0	763.0	713.0	550.0
alpha_rarefaction_4473_5.txt	4473	5	928.0	697.0	707.0	732.0	563.0	457.0	707.0	857.0	184.0	766.0	713.0	573.0
alpha_rarefaction_4473_6.txt	4473	6	907.0	667.0	695.0	738.0	577.0	474.0	691.0	792.0	181.0	757.0	730.0	559.0
alpha_rarefaction_4473_7.txt	4473	7	926.0	698.0	725.0	718.0	588.0	480.0	680.0	855.0	193.0	743.0	745.0	568.0
alpha_rarefaction_4473_8.txt	4473	8	919.0	652.0	698.0	718.0	563.0	447.0	722.0	855.0	183.0	773.0	725.0	567.0
alpha_rarefaction_4473_9.txt	4473	9	899.0	705.0	689.0	712.0	570.0	486.0	681.0	808.0	187.0	750.0	711.0	580.0
alpha_rarefaction_8936_0.txt	8936	0	1423.0	1071.0	1122.0	1096.0	894.0	755.0	1052.0	1330.0	229.0	1175.0	1045.0	928.0
alpha_rarefaction_8936_1.txt	8936	1	1386.0	1053.0	1116.0	1142.0	914.0	750.0	1092.0	1336.0	242.0	1203.0	1079.0	858.0
alpha_rarefaction_8936_2.txt	8936	2	1388.0	1059.0	1133.0	1193.0	931.0	747.0	1066.0	1283.0	246.0	1175.0	1096.0	908.0
alpha_rarefaction_8936_3.txt	8936	3	1371.0	1094.0	1113.0	1128.0	923.0	744.0	1065.0	1297.0	250.0	1174.0	1062.0	895.0
alpha_rarefaction_8936_4.txt	8936	4	1399.0	1026.0	1145.0	1156.0	939.0	741.0	1037.0	1254.0	256.0	1204.0	1065.0	891.0
alpha_rarefaction_8936_5.txt	8936	5	1421.0	1067.0	1125.0	1197.0	889.0	772.0	1095.0	1276.0	244.0	1162.0	1073.0	872.0
alpha_rarefaction_8936_6.txt	8936	6	1375.0	1063.0	1110.0	1147.0	918.0	752.0	1057.0	1293.0	268.0	1170.0	1068.0	845.0
alpha_rarefaction_8936_7.txt	8936	7	1402.0	1062.0	1157.0	1174.0	870.0	731.0	1064.0	1311.0	237.0	1137.0	1061.0	893.0
alpha_rarefaction_8936_8.txt	8936	8	1385.0	1006.0	1067.0	1136.0	934.0	742.0	1086.0	1280.0	239.0	1195.0	1079.0	898.0
alpha_rarefaction_8936_9.txt	8936	9	1381.0	1051.0	1156.0	1159.0	905.0	781.0	1045.0	1276.0	250.0	1190.0	1056.0	897.0
alpha_rarefaction_13399_0.txt	13399	0	1754.0	1411.0	1457.0	1485.0	1236.0	968.0	1362.0	1661.0	298.0	1538.0	1388.0	1151.0
alpha_rarefaction_13399_1.txt	13399	1	1782.0	1394.0	1483.0	1490.0	1193.0	996.0	1367.0	1674.0	315.0	1581.0	1383.0	1195.0
alpha_rarefaction_13399_2.txt	13399	2	1807.0	1358.0	1470.0	1460.0	1238.0	977.0	1368.0	1646.0	271.0	1519.0	1354.0	1189.0
alpha_rarefaction_13399_3.txt	13399	3	1759.0	1391.0	1436.0	1520.0	1237.0	974.0	1339.0	1663.0	284.0	1536.0	1359.0	1133.0
alpha_rarefaction_13399_4.txt	13399	4	1837.0	1387.0	1409.0	1527.0	1193.0	1028.0	1350.0	1610.0	309.0	1567.0	1365.0	1160.0
alpha_rarefaction_13399_5.txt	13399	5	1790.0	1359.0	1431.0	1496.0	1169.0	963.0	1401.0	1655.0	293.0	1540.0	1359.0	1123.0
alpha_rarefaction_13399_6.txt	13399	6	1746.0	1374.0	1417.0	1455.0	1202.0	934.0	1396.0	1634.0	276.0	1532.0	1340.0	1178.0
alpha_rarefaction_13399_7.txt	13399	7	1779.0	1350.0	1529.0	1534.0	1178.0	1007.0	1437.0	1645.0	298.0	1569.0	1350.0	1193.0
alpha_rarefaction_13399_8.txt	13399	8	1789.0	1379.0	1455.0	1506.0	1172.0	973.0	1367.0	1656.0	294.0	1542.0	1356.0	1129.0
alpha_rarefaction_13399_9.txt	13399	9	1746.0	1368.0	1433.0	1486.0	1209.0	1003.0	1368.0	1598.0	292.0	1562.0	1347.0	1159.0
alpha_rarefaction_17862_0.txt	17862	0	2119.0	1631.0	1728.0	1791.0	1416.0	1245.0	1666.0	1958.0	339.0	1850.0	1607.0	1400.0
alpha_rarefaction_17862_1.txt	17862	1	2117.0	1627.0	1732.0	1811.0	1431.0	1209.0	1619.0	2012.0	337.0	1837.0	1633.0	1354.0
alpha_rarefaction_17862_2.txt	17862	2	2076.0	1642.0	1764.0	1770.0	1462.0	1226.0	1648.0	1902.0	334.0	1803.0	1596.0	1369.0
alpha_rarefaction_17862_3.txt	17862	3	2096.0	1685.0	1755.0	1790.0	1450.0	1220.0	1660.0	1993.0	333.0	1845.0	1619.0	1389.0
alpha_rarefaction_17862_4.txt	17862	4	2087.0	1644.0	1789.0	1799.0	1450.0	1210.0	1621.0	1966.0	330.0	1843.0	1643.0	1379.0
alpha_rarefaction_17862_5.txt	17862	5	2127.0	1616.0	1747.0	1774.0	1477.0	1217.0	1634.0	1929.0	309.0	1878.0	1599.0	1399.0
alpha_rarefaction_17862_6.txt	17862	6	2079.0	1669.0	1742.0	1785.0	1432.0	1196.0	1668.0	1934.0	341.0	1780.0	1591.0	1365.0
alpha_rarefaction_17862_7.txt	17862	7	2102.0	1638.0	1802.0	1773.0	1425.0	1226.0	1625.0	1935.0	320.0	1896.0	1629.0	1398.0
alpha_rarefaction_17862_8.txt	17862	8	2061.0	1639.0	1768.0	1807.0	1429.0	1200.0	1666.0	1974.0	327.0	1858.0	1638.0	1373.0
alpha_rarefaction_17862_9.txt	17862	9	2096.0	1631.0	1768.0	1762.0	1444.0	1251.0	1623.0	1950.0	322.0	1880.0	1607.0	1410.0
alpha_rarefaction_22325_0.txt	22325	0	2372.0	1918.0	1982.0	2072.0	1649.0	1432.0	1884.0	2206.0	367.0	2119.0	1815.0	1581.0
alpha_rarefaction_22325_1.txt	22325	1	2309.0	1863.0	1995.0	2125.0	1651.0	1446.0	1896.0	2261.0	375.0	2186.0	1834.0	1649.0
alpha_rarefaction_22325_2.txt	22325	2	2353.0	1923.0	1983.0	2067.0	1662.0	1454.0	1908.0	2246.0	359.0	2103.0	1846.0	1608.0
alpha_rarefaction_22325_3.txt	22325	3	2406.0	1894.0	1999.0	2048.0	1663.0	1414.0	1847.0	2214.0	337.0	2176.0	1801.0	1570.0
alpha_rarefaction_22325_4.txt	22325	4	2360.0	1872.0	2015.0	2046.0	1699.0	1407.0	1853.0	2212.0	356.0	2126.0	1823.0	1622.0
alpha_rarefaction_22325_5.txt	22325	5	2378.0	1882.0	2025.0	2050.0	1637.0	1394.0	1886.0	2228.0	355.0	2180.0	1816.0	1620.0
alpha_rarefaction_22325_6.txt	22325	6	2395.0	1884.0	2007.0	2054.0	1638.0	1435.0	1848.0	2227.0	382.0	2132.0	1803.0	1580.0
alpha_rarefaction_22325_7.txt	22325	7	2426.0	1884.0	2002.0	2033.0	1695.0	1409.0	1905.0	2221.0	346.0	2127.0	1832.0	1630.0
alpha_rarefaction_22325_8.txt	22325	8	2377.0	1902.0	2003.0	2008.0	1693.0	1385.0	1897.0	2238.0	367.0	2111.0	1845.0	1585.0
alpha_rarefaction_22325_9.txt	22325	9	2394.0	1867.0	1993.0	2073.0	1687.0	1402.0	1908.0	2205.0	365.0	2149.0	1848.0	1607.0
alpha_rarefaction_26788_0.txt	26788	0	2610.0	2104.0	2214.0	2353.0	1870.0	1573.0	2094.0	2511.0	396.0	2410.0	2038.0	1766.0
alpha_rarefaction_26788_1.txt	26788	1	2643.0	2083.0	2253.0	2313.0	1872.0	1569.0	2114.0	2475.0	376.0	2399.0	2050.0	1829.0
alpha_rarefaction_26788_2.txt	26788	2	2650.0	2107.0	2236.0	2301.0	1853.0	1573.0	2107.0	2459.0	381.0	2430.0	1984.0	1788.0
alpha_rarefaction_26788_3.txt	26788	3	2615.0	2114.0	2268.0	2300.0	1896.0	1589.0	2114.0	2502.0	386.0	2428.0	2005.0	1762.0
alpha_rarefaction_26788_4.txt	26788	4	2648.0	2120.0	2230.0	2291.0	1874.0	1586.0	2056.0	2506.0	395.0	2400.0	2027.0	1820.0
alpha_rarefaction_26788_5.txt	26788	5	2637.0	2110.0	2271.0	2330.0	1938.0	1594.0	2100.0	2452.0	405.0	2402.0	2008.0	1792.0
alpha_rarefaction_26788_6.txt	26788	6	2643.0	2064.0	2281.0	2327.0	1855.0	1623.0	2096.0	2492.0	391.0	2419.0	2003.0	1779.0
alpha_rarefaction_26788_7.txt	26788	7	2660.0	2104.0	2227.0	2244.0	1898.0	1623.0	2120.0	2510.0	397.0	2447.0	2026.0	1804.0
alpha_rarefaction_26788_8.txt	26788	8	2620.0	2111.0	2245.0	2315.0	1857.0	1582.0	2092.0	2525.0	391.0	2435.0	2002.0	1777.0
alpha_rarefaction_26788_9.txt	26788	9	2657.0	2108.0	2230.0	2298.0	1907.0	1588.0	2105.0	2451.0	390.0	2401.0	2011.0	1806.0
alpha_rarefaction_31251_0.txt	31251	0	2837.0	2305.0	2447.0	2500.0	2111.0	1731.0	2308.0	2707.0	413.0	2681.0	2135.0	1982.0
alpha_rarefaction_31251_1.txt	31251	1	2866.0	2277.0	2479.0	2528.0	2123.0	1776.0	2278.0	2671.0	407.0	2670.0	2227.0	1996.0
alpha_rarefaction_31251_2.txt	31251	2	2875.0	2285.0	2500.0	2497.0	2072.0	1753.0	2297.0	2685.0	414.0	2660.0	2160.0	1973.0
alpha_rarefaction_31251_3.txt	31251	3	2865.0	2293.0	2469.0	2493.0	2066.0	1706.0	2290.0	2689.0	390.0	2657.0	2213.0	1947.0
alpha_rarefaction_31251_4.txt	31251	4	2890.0	2291.0	2465.0	2540.0	2067.0	1728.0	2310.0	2697.0	414.0	2700.0	2198.0	1957.0
alpha_rarefaction_31251_5.txt	31251	5	2878.0	2297.0	2435.0	2531.0	2066.0	1758.0	2304.0	2702.0	407.0	2647.0	2181.0	1980.0
alpha_rarefaction_31251_6.txt	31251	6	2832.0	2314.0	2445.0	2512.0	2089.0	1774.0	2279.0	2745.0	413.0	2735.0	2208.0	1977.0
alpha_rarefaction_31251_7.txt	31251	7	2842.0	2316.0	2448.0	2501.0	2084.0	1753.0	2330.0	2692.0	410.0	2656.0	2186.0	1993.0
alpha_rarefaction_31251_8.txt	31251	8	2838.0	2298.0	2483.0	2492.0	2083.0	1737.0	2296.0	2686.0	439.0	2659.0	2177.0	1958.0
alpha_rarefaction_31251_9.txt	31251	9	2825.0	2288.0	2453.0	2484.0	2048.0	1791.0	2297.0	2700.0	399.0	2593.0	2190.0	2018.0
alpha_rarefaction_35714_0.txt	35714	0	3051.0	2460.0	2616.0	2716.0	2234.0	1934.0	2468.0	2905.0	429.0	2867.0	2370.0	2147.0
alpha_rarefaction_35714_1.txt	35714	1	3044.0	2438.0	2656.0	2707.0	2233.0	1929.0	2508.0	2913.0	439.0	2896.0	2365.0	2162.0
alpha_rarefaction_35714_2.txt	35714	2	3046.0	2462.0	2631.0	2725.0	2289.0	1923.0	2481.0	2916.0	434.0	2878.0	2336.0	2184.0
alpha_rarefaction_35714_3.txt	35714	3	3057.0	2433.0	2623.0	2737.0	2253.0	1922.0	2476.0	2904.0	423.0	2880.0	2351.0	2150.0
alpha_rarefaction_35714_4.txt	35714	4	3066.0	2472.0	2624.0	2725.0	2269.0	1936.0	2463.0	2829.0	430.0	2948.0	2368.0	2111.0
alpha_rarefaction_35714_5.txt	35714	5	3073.0	2463.0	2688.0	2675.0	2248.0	1918.0	2473.0	2897.0	420.0	2846.0	2362.0	2118.0
alpha_rarefaction_35714_6.txt	35714	6	3060.0	2454.0	2648.0	2722.0	2312.0	1901.0	2473.0	2947.0	417.0	2857.0	2328.0	2182.0
alpha_rarefaction_35714_7.txt	35714	7	3042.0	2482.0	2645.0	2699.0	2266.0	1910.0	2473.0	2843.0	430.0	2901.0	2381.0	2153.0
alpha_rarefaction_35714_8.txt	35714	8	3041.0	2467.0	2630.0	2698.0	2249.0	1918.0	2475.0	2901.0	427.0	2853.0	2364.0	2148.0
alpha_rarefaction_35714_9.txt	35714	9	3020.0	2477.0	2659.0	2732.0	2238.0	1924.0	2503.0	2931.0	417.0	2890.0	2370.0	2143.0
alpha_rarefaction_40177_0.txt	40177	0	3233.0	2635.0	2827.0	2901.0	2434.0	2029.0	2644.0	3075.0	451.0	3059.0	2496.0	2306.0
alpha_rarefaction_40177_1.txt	40177	1	3240.0	2623.0	2808.0	2883.0	2422.0	2076.0	2667.0	3053.0	447.0	3090.0	2510.0	2302.0
alpha_rarefaction_40177_2.txt	40177	2	3236.0	2620.0	2836.0	2894.0	2443.0	2056.0	2629.0	3075.0	446.0	3057.0	2484.0	2297.0
alpha_rarefaction_40177_3.txt	40177	3	3253.0	2615.0	2827.0	2896.0	2458.0	2091.0	2644.0	3096.0	465.0	3040.0	2479.0	2328.0
alpha_rarefaction_40177_4.txt	40177	4	3227.0	2625.0	2812.0	2891.0	2433.0	2061.0	2647.0	3092.0	452.0	3072.0	2527.0	2283.0
alpha_rarefaction_40177_5.txt	40177	5	3273.0	2617.0	2834.0	2886.0	2435.0	2044.0	2664.0	3061.0	456.0	3105.0	2537.0	2337.0
alpha_rarefaction_40177_6.txt	40177	6	3255.0	2627.0	2824.0	2901.0	2442.0	2107.0	2660.0	3050.0	454.0	3107.0	2517.0	2294.0
alpha_rarefaction_40177_7.txt	40177	7	3242.0	2639.0	2802.0	2891.0	2465.0	2087.0	2650.0	3085.0	443.0	3075.0	2492.0	2344.0
alpha_rarefaction_40177_8.txt	40177	8	3278.0	2602.0	2816.0	2887.0	2409.0	2092.0	2640.0	3077.0	449.0	3067.0	2488.0	2308.0
alpha_rarefaction_40177_9.txt	40177	9	3219.0	2641.0	2809.0	2884.0	2448.0	2049.0	2634.0	3053.0	448.0	3085.0	2464.0	2300.0
alpha_rarefaction_44640_0.txt	44640	0	3420.0	2775.0	2971.0	3066.0	2617.0	2170.0	2809.0	3239.0	459.0	3272.0	2638.0	2481.0
alpha_rarefaction_44640_1.txt	44640	1	3416.0	2775.0	2967.0	3053.0	2595.0	2176.0	2801.0	3238.0	480.0	3312.0	2661.0	2457.0
alpha_rarefaction_44640_2.txt	44640	2	3429.0	2775.0	2976.0	3063.0	2576.0	2187.0	2781.0	3233.0	470.0	3261.0	2640.0	2481.0
alpha_rarefaction_44640_3.txt	44640	3	3409.0	2775.0	2971.0	3051.0	2614.0	2196.0	2817.0	3239.0	446.0	3282.0	2626.0	2447.0
alpha_rarefaction_44640_4.txt	44640	4	3439.0	2775.0	2990.0	3061.0	2610.0	2185.0	2789.0	3236.0	479.0	3312.0	2660.0	2479.0
alpha_rarefaction_44640_5.txt	44640	5	3417.0	2775.0	2956.0	3072.0	2632.0	2210.0	2810.0	3225.0	462.0	3303.0	2609.0	2442.0
alpha_rarefaction_44640_6.txt	44640	6	3397.0	2775.0	2994.0	3070.0	2598.0	2182.0	2799.0	3229.0	467.0	3276.0	2646.0	2456.0
alpha_rarefaction_44640_7.txt	44640	7	3387.0	2775.0	2977.0	3065.0	2576.0	2205.0	2808.0	3250.0	470.0	3289.0	2611.0	2461.0
alpha_rarefaction_44640_8.txt	44640	8	3420.0	2775.0	2998.0	3080.0	2570.0	2166.0	2792.0	3236.0	454.0	3314.0	2610.0	2459.0
alpha_rarefaction_44640_9.txt	44640	9	3421.0	2775.0	2996.0	3059.0	2585.0	2198.0	2791.0	3238.0	468.0	3278.0	2583.0	2461.0