	sequences per sample	iteration	CK1	CK2	CK3	JXBR161	JXBR162	JXBR163	RW371	RW372	RW373	R37J161	R37J162	R37J163
alpha_rarefaction_10_0.txt	10	0	55.0	55.0	55.0	55.0	23.0	23.0	55.0	55.0	23.0	55.0	55.0	55.0
alpha_rarefaction_10_1.txt	10	1	55.0	55.0	55.0	55.0	55.0	55.0	55.0	55.0	55.0	55.0	55.0	23.0
alpha_rarefaction_10_2.txt	10	2	55.0	55.0	55.0	55.0	55.0	55.0	55.0	55.0	55.0	55.0	55.0	55.0
alpha_rarefaction_10_3.txt	10	3	55.0	55.0	55.0	55.0	55.0	55.0	55.0	23.0	23.0	23.0	23.0	55.0
alpha_rarefaction_10_4.txt	10	4	55.0	55.0	55.0	55.0	55.0	55.0	55.0	55.0	55.0	55.0	55.0	55.0
alpha_rarefaction_10_5.txt	10	5	55.0	55.0	55.0	55.0	55.0	55.0	55.0	55.0	55.0	55.0	55.0	55.0
alpha_rarefaction_10_6.txt	10	6	55.0	55.0	55.0	55.0	55.0	55.0	55.0	55.0	55.0	55.0	55.0	55.0
alpha_rarefaction_10_7.txt	10	7	55.0	55.0	23.0	55.0	55.0	55.0	55.0	55.0	55.0	55.0	23.0	55.0
alpha_rarefaction_10_8.txt	10	8	55.0	55.0	55.0	55.0	55.0	55.0	55.0	55.0	55.0	55.0	55.0	55.0
alpha_rarefaction_10_9.txt	10	9	55.0	55.0	55.0	55.0	55.0	55.0	55.0	55.0	55.0	55.0	55.0	55.0
alpha_rarefaction_10180_0.txt	10180	0	14628.0330739	12128.5440415	10227.5319549	13246.4153005	8990.11775044	12999.8297872	8832.53161593	10261.2169421	15191.2201258	12072.9541833	13312.1386555	10357.1084112
alpha_rarefaction_10180_1.txt	10180	1	14104.8491921	12666.453405	10795.2480315	14725.5411765	8770.9471831	13285.8829787	8582.89130435	10625.4040179	15157.1590909	11450.8689788	12774.0688259	8943.82653061
alpha_rarefaction_10180_2.txt	10180	2	14063.1242938	12527.7886323	10669.7609562	13492.5383212	8862.03374778	12981.0541516	9440.11488251	10408.7954071	13531.7916667	12365.45	13486.2962963	9985.56766917
alpha_rarefaction_10180_3.txt	10180	3	14019.4809886	12776.107078	10227.7325581	13605.0377698	8980.12406015	13111.5773585	9241.02469136	10048.1	14084.2251407	11713.5167653	12435.8670757	10741.7485605
alpha_rarefaction_10180_4.txt	10180	4	14117.2967245	12108.683391	10805.9824561	13966.1449016	9374.96126761	12938.8625678	8474.00236407	10456.875	13196.7333333	11887.8636364	12438.2210526	10046.5553471
alpha_rarefaction_10180_5.txt	10180	5	13671.0144665	12641.8333333	10733.3085938	12818.8917976	9150.50922509	12289.016835	8838.43636364	10174.186722	15292.9090909	11703.1569767	12799.0433884	9603.78691589
alpha_rarefaction_10180_6.txt	10180	6	14347.9468691	11990.1408935	10778.9248555	14033.9741697	9082.35338346	12897.1568627	8544.71162791	10356.6175824	14845.1130952	12353.7190776	11773.8951311	10014.0837887
alpha_rarefaction_10180_7.txt	10180	7	13294.5295203	11721.0473773	10953.3439364	13273.3654545	9377.58669355	12391.6666667	8796.79097387	10447.8285714	14399.5691383	11283.5833333	12876.6317992	9764.44852941
alpha_rarefaction_10180_8.txt	10180	8	13941.6052142	12176.5823224	10827.488764	13859.5027322	9179.17073171	12749.3461538	8222.78718535	10235.2201258	14489.6122449	12008.1972656	12865.006135	10198.5019608
alpha_rarefaction_10180_9.txt	10180	9	13235.4683544	12499.2279793	10322.7105263	13917.9198543	9209.55243446	12668.9273743	8801.13475177	10151.5427975	14523.4230769	11935.8786127	12945.0668058	10825.3262956
alpha_rarefaction_20350_0.txt	20350	0	18991.5650888	18059.0294118	15318.5584726	19299.972561	12662.56621	18310.8588957	13635.4015748	14929.7626263	22806.0415225	17384.0114811	19263.6734694	14427.2289294
alpha_rarefaction_20350_1.txt	20350	1	19943.8238342	19125.1183036	15456.3768786	18307.9951644	12444.1859931	17613.0049801	12845.040724	15290.1259542	22683.875	18869.1259352	18334.3496503	14535.5280374
alpha_rarefaction_20350_2.txt	20350	2	20333.2430998	18530.5107991	14801.561707	19040.166998	12441.6523256	18965.6287129	13005.4715569	15254.4808878	22191.9170404	18295.9175627	19025.1495327	14427.0178998
alpha_rarefaction_20350_3.txt	20350	3	18961.9782834	17435.8977273	15482.7624703	20058.4045643	12472.8155452	18066.8251256	13176.470852	15681.0269576	21714.2831858	18998.6993865	19168.3511543	14601.6327485
alpha_rarefaction_20350_4.txt	20350	4	20060.647363	18052.8613445	15432.372093	19671.011236	12178.4814815	18640.2881178	13417.2596006	14950.5012531	22631.3401361	18552.6212871	18756.9845606	15162.9847775
alpha_rarefaction_20350_5.txt	20350	5	19739.8230616	18024.4012539	15808.6341463	19346.4121212	12270.9334837	18594.4376258	13388.9220183	15458.4576687	22097.4105737	17630.7192575	19759.65125	15073.0120773
alpha_rarefaction_20350_6.txt	20350	6	20065.4167598	18064.1492063	15574.042503	19301.5368852	11982.9165764	18107.451581	12705.515896	15152.65625	21351.5302013	17773.6474057	17820.0011123	14648.6565774
alpha_rarefaction_20350_7.txt	20350	7	20109.8329787	17659.921875	16081.6019656	19472.5010183	12042.1854749	18792.765121	12858.8516887	15634.007472	22165.177624	18297.8392205	18543.9918224	14282.4320557
alpha_rarefaction_20350_8.txt	20350	8	19139.014881	17619.8459916	15217.654195	19639.1201589	12874.5255474	17859.4610069	12549.7982955	14765.6078184	22506.15	18346.3571429	17858.6817667	14085.8677966
alpha_rarefaction_20350_9.txt	20350	9	20131.0972079	17841.9283388	16131.0616523	18782.3855544	12741.6258907	18238.8121827	13151.7810651	15593.1361868	22585.0	18840.244798	19807.9061327	15256.7
alpha_rarefaction_30520_0.txt	30520	0	24318.7339246	21918.6653787	19407.8580247	23857.4502196	15128.9591304	22206.1182796	15324.2040134	19399.5871921	27928.1173139	22941.3030303	22892.9300169	17890.3128342
alpha_rarefaction_30520_1.txt	30520	1	22973.5723496	22676.4180523	19722.0740741	22932.7428977	15162.6627592	21735.2277228	16620.4317926	19048.4207493	27431.1283465	23648.4474394	23102.8809917	17932.5784314
alpha_rarefaction_30520_2.txt	30520	2	24911.6963351	21876.4019985	19105.1151515	23107.7047817	14637.5042373	22224.5466472	16767.3203215	18789.8809981	28336.7944984	23262.6305506	22570.1698426	17645.2524358
alpha_rarefaction_30520_3.txt	30520	3	24366.7533632	21251.9593679	19490.2658228	23163.2655246	15111.8006993	21673.5429769	16466.5893665	20042.2368421	27983.8459658	23162.7619477	23233.946976	17174.0498688
alpha_rarefaction_30520_4.txt	30520	4	22910.6797477	22799.2846034	18426.5794872	23551.1684665	15105.2441016	21659.080085	17226.5915493	18706.3607011	26414.4813953	23319.9649281	22568.4962841	17884.2606383
alpha_rarefaction_30520_5.txt	30520	5	23961.4881832	21211.9451637	18454.6891192	23395.971831	14924.6244579	21933.5790583	15404.8811341	18422.7998111	26932.8393543	23766.1791855	22216.5074013	17457.1087533
alpha_rarefaction_30520_6.txt	30520	6	23929.2021978	22777.4170654	18552.8543607	22260.7854167	14861.2199282	22584.5108696	17371.1248514	19146.5421209	27858.6333866	24370.7397388	23174.0478261	17296.1381974
alpha_rarefaction_30520_7.txt	30520	7	24804.8983051	22473.5115385	18686.3140917	22042.780083	14548.000846	21421.8319502	17048.2215777	18878.3247525	27074.8647381	21982.5938303	22941.0834028	17981.6651786
alpha_rarefaction_30520_8.txt	30520	8	24614.5056433	21406.7871854	19177.9464286	22796.5788367	14399.457539	22299.5007215	15438.6461538	19017.289597	27465.8905166	22594.8894879	22425.1621175	17463.1815039
alpha_rarefaction_30520_9.txt	30520	9	24277.130719	22423.9609793	19738.6891892	23629.8763402	14845.5320856	21449.1666667	16815.5331781	18752.0271003	28086.1067881	22266.8198971	23318.1152229	17011.035503
alpha_rarefaction_40690_0.txt	40690	0	27132.1944121	25471.3572791	21576.0774749	25807.0303365	16865.3583273	23428.4331897	18814.5955056	22308.3155834	30267.0192423	26198.4914442	25546.6643041	20210.2536127
alpha_rarefaction_40690_1.txt	40690	1	26307.4651294	24207.0714286	21767.147376	25793.7798507	16647.2910663	23629.0054171	18633.9093357	22084.946677	31846.8026565	27597.7767204	25743.9164474	19884.5101612
alpha_rarefaction_40690_2.txt	40690	2	26351.8125	24685.9744352	21678.5645833	25216.5585586	16454.7424242	23253.6341853	19377.8264151	21809.121547	30668.0169082	26117.1319444	25871.7161804	19856.1807229
alpha_rarefaction_40690_3.txt	40690	3	26389.852826	25215.8887545	22516.0454218	25841.2361485	16754.221831	23317.8903888	18719.3480663	21984.9066667	29532.6793478	26248.6942496	24805.2066832	19224.2848146
alpha_rarefaction_40690_4.txt	40690	4	26390.3121547	24348.1743836	22490.6736011	25310.6965042	16619.5451977	23653.7556391	17887.0826087	22418.8147287	29956.6065766	26943.8516643	25224.6533417	19064.2554795
alpha_rarefaction_40690_5.txt	40690	5	27580.255132	24806.569504	22967.1343964	25598.9930925	16437.7787743	23084.0539568	18238.4513274	21334.3856707	30685.0801205	26446.7006325	25552.9248072	19522.4612188
alpha_rarefaction_40690_6.txt	40690	6	26138.0649496	25267.8394296	22040.0156483	24414.3199583	16511.575	24348.0743392	18699.9383625	21296.0726464	30117.0804322	26472.5974755	25634.1900192	19631.5866035
alpha_rarefaction_40690_7.txt	40690	7	26905.9535284	24399.6716867	21634.4961349	25786.6573505	16635.2131617	23741.4567229	18620.0384615	21958.8886293	30468.3083434	25978.0020877	25016.3622351	19764.3378378
alpha_rarefaction_40690_8.txt	40690	8	26520.4820513	24460.2382104	21592.263839	25019.3475216	16824.9205776	23583.4408828	19058.0295238	21552.265745	31484.7887324	26427.4763948	26163.1780645	20064.2755102
alpha_rarefaction_40690_9.txt	40690	9	26388.4053137	25075.1030928	21832.8799425	25435.370942	17275.4583333	22652.2496108	18278.6175943	22005.0242188	30854.8765432	26678.1601976	24888.9796438	20214.7117182
alpha_rarefaction_50860_0.txt	50860	0	27894.5333029	27477.244351	24052.0128127	26498.3762712	18220.914748	25121.3620026	20534.673964	22997.3784289	33913.538961	29202.6683938	27024.3703133	21607.1702899
alpha_rarefaction_50860_1.txt	50860	1	28594.9400369	27065.0407539	23972.0688406	27206.9505788	18224.456869	24071.3371894	21090.734472	24315.6938239	32524.8003775	29957.9406119	28078.6810982	21308.5215085
alpha_rarefaction_50860_2.txt	50860	2	28973.4323448	27112.392352	23865.8055893	27081.505742	18779.5851272	25166.1229947	20954.5213537	24604.747319	33343.6285714	29756.4854142	28532.7922078	20935.2974537
alpha_rarefaction_50860_3.txt	50860	3	28052.9101475	26979.7037804	24426.3517495	26110.1038961	17755.3860956	24762.2946237	20568.1943128	24790.5319574	33005.6710526	27932.9113218	27270.1567398	21651.1836364
alpha_rarefaction_50860_4.txt	50860	4	28528.9862448	27213.4637014	24964.9647133	26935.5647713	17421.156073	25845.2665198	20846.0961689	23506.5436893	33007.5958171	28854.0029308	28158.2570681	21143.8184524
alpha_rarefaction_50860_5.txt	50860	5	28454.2416974	27003.3398007	23570.6568287	26518.2599481	18665.9084924	25546.482049	20677.9583333	24130.7488789	32888.1251799	29563.2168168	27505.5332303	22218.3052308
alpha_rarefaction_50860_6.txt	50860	6	28826.3454797	27385.3912355	23856.3015777	26441.2292994	17792.1558442	25576.8584906	21126.61934	24484.8604651	33367.5125678	29693.8372922	26562.7205882	20744.4673222
alpha_rarefaction_50860_7.txt	50860	7	27976.9162956	27426.0634921	24571.0062112	26911.9917927	18716.2419048	24947.0319149	20025.9597315	24267.8610039	33660.4404878	29801.7754491	27823.562533	21495.3631517
alpha_rarefaction_50860_8.txt	50860	8	28533.781893	26791.6838311	24394.496368	27492.2401229	18484.1582642	25192.2362274	21886.8352181	24661.2453209	33938.0179462	29905.6003639	26459.6705943	21330.9309935
alpha_rarefaction_50860_9.txt	50860	9	27914.089172	26388.9822922	23648.6951741	27227.5253497	18336.1224105	24792.7504274	20839.2611821	24553.8797635	33637.0203777	29731.7407848	26750.1348601	21442.5359281
alpha_rarefaction_61030_0.txt	61030	0	30266.5510763	29326.1182944	26383.060331	28297.4961804	19260.1409966	25482.0396652	22185.0365206	26139.2884615	34631.1640404	32882.8876923	29576.1605158	22790.8555957
alpha_rarefaction_61030_1.txt	61030	1	28851.1872466	29723.479564	25965.9881075	28282.1450326	18787.0055096	25624.307386	22368.1610692	25645.4668154	35254.1881068	31157.397929	28053.2371659	22802.3360867
alpha_rarefaction_61030_2.txt	61030	2	29020.6784914	28334.9818024	25210.8240365	28005.8240607	19519.4860716	25292.4526202	23403.8333333	25841.0766629	35708.539823	30889.5820236	28966.2162397	22613.2641509
alpha_rarefaction_61030_3.txt	61030	3	30029.8127871	28561.0805749	26223.3221691	27669.3432511	19255.2861824	26200.6022222	22086.1390728	26305.8150057	35875.4342159	31370.8551237	28928.7917384	22874.479272
alpha_rarefaction_61030_4.txt	61030	4	29622.0624054	28398.8255916	26442.5	27994.7325206	19594.8882554	24849.4284218	22774.6235375	25914.0674916	35860.7278402	31258.4850563	29805.7248772	21672.2193199
alpha_rarefaction_61030_5.txt	61030	5	29216.2356928	29422.5430132	25464.5269151	27898.1963256	19519.0404098	25656.5920539	22341.9180546	25621.1950673	35471.0503451	31835.4447275	29254.896007	22886.375
alpha_rarefaction_61030_6.txt	61030	6	30349.2270249	29001.3192935	26383.8696823	28748.1668521	18657.2811135	25855.2265709	22702.6407307	26441.3459552	36248.3131271	31567.7681818	29526.5044723	23522.9248705
alpha_rarefaction_61030_7.txt	61030	7	29958.6199543	29107.834891	25228.1319693	27688.0667153	18669.9282609	25379.1198529	22833.9682101	25857.4216066	35692.2411642	32373.9693252	28754.8575198	22604.0869565
alpha_rarefaction_61030_8.txt	61030	8	29664.3015209	28260.9502595	26011.5318704	27927.3022348	19859.140411	26124.1451437	22100.4959405	26315.0328426	35585.9863524	31281.9258517	29403.8768624	23235.827463
alpha_rarefaction_61030_9.txt	61030	9	30161.2660796	28758.3965744	25878.6834458	27567.1790938	18578.4215897	25829.2326574	22884.3111423	26086.4045534	35929.9904525	31689.6336683	29420.684537	22534.8336724
alpha_rarefaction_71200_0.txt	71200	0	30252.5003195	29716.4552439	27123.7401001	27837.561194	19900.1215745	26927.0148387	23590.8233151	28365.3791374	36166.5626078	32979.5196413	29772.4518686	23456.8787466
alpha_rarefaction_71200_1.txt	71200	1	30398.7750491	29738.4745763	27437.7285319	28830.4621849	19245.1702863	25748.9599761	24446.5169023	27637.0379193	36497.0900685	34134.6175549	29997.3525019	23816.3663813
alpha_rarefaction_71200_2.txt	71200	2	30274.2577519	30419.0352304	27329.8700229	28693.9387008	19967.9985207	26052.0267966	24128.0061125	27645.074813	37005.5229293	32661.2412903	30675.7081102	22968.0399649
alpha_rarefaction_71200_3.txt	71200	3	30624.453373	30087.4237089	27323.2471751	27615.1340426	20196.9466068	26061.5918367	23042.7982808	27721.409668	36090.73706	32941.0026374	30359.2329873	23753.5300497
alpha_rarefaction_71200_4.txt	71200	4	30298.1705174	30058.2153966	27088.4897681	28296.0087905	19992.9112103	25325.0530326	23731.3469027	28267.8485626	37188.5688623	32562.0315881	29755.391159	23760.8554383
alpha_rarefaction_71200_5.txt	71200	5	30343.3946159	30626.8751486	27164.0411846	27563.8145401	20602.1400304	25740.3341523	24040.7088305	28493.1563452	36955.2646851	32369.6693966	30005.170336	24090.0970425
alpha_rarefaction_71200_6.txt	71200	6	31008.0140615	30563.9562475	27319.57282	27969.3353493	19990.4803189	25861.5030864	24331.3644225	27402.455789	37286.8944056	33868.2797672	29621.4994475	23035.0458716
alpha_rarefaction_71200_7.txt	71200	7	29522.3684211	30163.6300578	27343.6994511	28492.7087379	19902.4260739	26122.9695747	23309.9411765	27999.353272	36693.5455175	32971.8203905	30080.117802	23784.0778872
alpha_rarefaction_71200_8.txt	71200	8	30468.8406879	30928.2807901	26968.8976015	28189.993007	20293.4560162	26117.0299625	23750.3518628	26818.5036496	36636.3997923	33229.1648495	30515.9652076	24113.577381
alpha_rarefaction_71200_9.txt	71200	9	29791.3154513	30008.2596491	26757.0532972	28474.5862069	19268.5780488	25618.9457961	24001.2522577	27202.487793	37222.1338053	32917.0013175	30761.0671785	24133.6270718
alpha_rarefaction_81370_0.txt	81370	0	30782.836272	30516.2763113	28005.1240876	27988.5566849	20140.698552	26214.2601297	25724.7341772	29391.1286682	37454.1005386	35310.1587744	31191.2489313	23924.1367925
alpha_rarefaction_81370_1.txt	81370	1	31064.7771203	31399.2632674	27941.8306943	28566.1036958	20569.1478743	26236.756897	24690.3804585	28262.4403903	39113.5597345	34373.3951182	31003.229249	24712.0004093
alpha_rarefaction_81370_2.txt	81370	2	30920.0832154	30236.6891156	28075.2211888	28431.0305962	20667.2257194	26267.929482	24955.310911	29339.6206428	39064.8049754	34407.7867731	30897.7063572	24449.3878788
alpha_rarefaction_81370_3.txt	81370	3	31058.1952629	31386.0559512	27907.9154815	28330.2007762	21143.1314896	26170.2207232	25330.2137741	27881.4367171	38074.6134913	35295.7461263	31106.7430279	24269.0698603
alpha_rarefaction_81370_4.txt	81370	4	31191.3445017	30982.6401674	27959.6764706	28354.1181746	20873.0625	26256.1792478	25310.9259059	28983.8219663	38637.6985837	35593.1855469	31536.5639731	24324.7045908
alpha_rarefaction_81370_5.txt	81370	5	31080.3861989	31243.9026823	28339.4517488	28242.5550626	20918.260223	26405.8315479	25716.4536369	28312.9306585	38639.7977217	34628.6305708	30874.2592227	24509.1578947
alpha_rarefaction_81370_6.txt	81370	6	31201.5911047	31057.5216638	28591.9678783	28332.9075959	20557.547989	26644.4145681	24781.583423	28702.8731145	38449.1323029	34470.7789799	30602.3193167	24705.0702259
alpha_rarefaction_81370_7.txt	81370	7	30958.019909	31072.0789658	28353.9474343	27942.8748076	20654.0249546	25946.3266108	24770.9141949	28373.9288538	38426.3359014	35149.5070922	31289.5769616	24604.1016736
alpha_rarefaction_81370_8.txt	81370	8	30832.119863	31485.5613915	29033.4204829	28503.8808777	20355.0693878	26643.3046615	25294.1578947	28652.2772056	38126.985397	34459.875	31989.2351129	24677.1505854
alpha_rarefaction_81370_9.txt	81370	9	31054.1332765	31502.1521355	28141.1900657	28353.8237171	20842.1799451	26630.2273095	25300.7483801	29346.5510571	38633.7681383	34658.2301741	30823.8200919	24208.9152475
alpha_rarefaction_91540_0.txt	91540	0	31253.7694822	32456.442179	29440.6133732	28795.0437018	21800.868594	26596.4983059	25687.3125898	29622.4324765	39583.4393814	35918.6467541	31410.5706745	24651.0054054
alpha_rarefaction_91540_1.txt	91540	1	31291.922101	32227.6668746	29240.8818661	29183.231405	21403.38743	26163.6635581	25693.5224313	28607.1185665	38355.2227937	35129.8551819	32198.5659982	25029.3626943
alpha_rarefaction_91540_2.txt	91540	2	31474.9331646	31885.0987996	29405.7554635	28414.8886284	21319.5625	26561.2771346	25374.0388074	29272.4876712	39287.0688248	35463.1803797	32153.3110911	25268.2132353
alpha_rarefaction_91540_3.txt	91540	3	31357.5108696	32311.5017444	29604.3739992	28529.864102	21574.6822552	26622.0113746	25868.6983511	29691.9916567	40069.4455146	36167.3838004	31326.844792	25007.6164835
alpha_rarefaction_91540_4.txt	91540	4	31559.7164751	32253.9835045	29722.275	28435.5420883	21610.181314	26412.3506651	26731.0666667	29035.2460568	38979.4857376	35598.0399719	32236.5577568	25417.220978
alpha_rarefaction_91540_5.txt	91540	5	31589.0948718	32282.4412867	28776.8160118	28417.0291686	21223.0037329	26227.5348064	26530.2076229	29652.4845238	38704.5053735	35923.2109129	31326.5675439	25017.0401786
alpha_rarefaction_91540_6.txt	91540	6	31492.2213489	32262.2916667	29557.0944735	28445.6948022	21399.8776283	26291.0840336	26261.8189401	29175.225039	38626.7201946	36135.0436742	31245.6115702	24910.4688077
alpha_rarefaction_91540_7.txt	91540	7	31382.5840909	32372.584375	28886.9554974	28525.6796657	21007.9913295	26165.2623144	25999.5729271	29675.9390195	39160.0868857	35554.5705584	31595.4938453	25248.4297428
alpha_rarefaction_91540_8.txt	91540	8	31437.1831129	31641.9609544	29323.1561912	28838.932299	21174.4834103	26321.1153846	25231.316474	29173.1153389	39180.6880109	35627.306685	31101.3589819	24916.866716
alpha_rarefaction_91540_9.txt	91540	9	31635.5261156	32747.1434492	29310.751663	28728.8656962	21425.5464668	26257.2027804	26758.0829585	30115.8626506	38707.0121457	35003.2567063	32252.6545621	24501.1632432
alpha_rarefaction_101710_0.txt	101710	0	31526.2850023	33388.4575145	29971.8081633	28046.1733007	21806.7427337	26155.1388594	27082.5299184	30412.4664017	40006.9563224	36313.9483568	32350.3977516	25765.2688064
alpha_rarefaction_101710_1.txt	101710	1	31528.9789259	32819.3673702	29576.7628032	28462.3960314	21709.8119891	26115.7220923	27359.928934	30254.2162832	39709.5254114	36437.9562655	32159.9101273	25256.9824329
alpha_rarefaction_101710_2.txt	101710	2	31522.9642048	32398.1621088	29670.6997985	28643.0118899	21487.8333333	26061.4440714	27005.6395084	30015.7505447	40064.5384044	36604.6457877	31323.7593597	25181.6853333
alpha_rarefaction_101710_3.txt	101710	3	31523.9642048	33111.7892454	29825.7058025	28357.4122609	21889.64722	26300.7397667	27212.3958707	30351.1304506	39690.8356064	36568.9421822	32035.4792383	25632.4788826
alpha_rarefaction_101710_4.txt	101710	4	31528.9789259	32811.8976691	29668.1906218	28814.2613636	21191.5641711	26402.0699937	27439.3238583	30648.2180561	39123.1670644	36832.6975425	31853.9479937	25433.1915037
alpha_rarefaction_101710_5.txt	101710	5	31523.9642048	32913.225724	29631.7144316	28411.3069711	21107.8491493	26338.3787975	27187.0930549	30254.3554348	39174.0224504	36566.1690535	31909.8279513	25135.8888522
alpha_rarefaction_101710_6.txt	101710	6	31523.9642048	32552.9303165	29638.0927662	28260.502759	21584.9830378	26138.2639093	27191.2516734	30360.4553441	40302.9967909	37154.7719133	31717.3574841	25484.3737001
alpha_rarefaction_101710_7.txt	101710	7	31528.9789259	32941.6629661	29928.5598772	28155.1786448	21440.4221453	26327.281795	27393.3040293	29818.5278571	40286.2159257	36600.516429	31867.4949153	25515.1622807
alpha_rarefaction_101710_8.txt	101710	8	31517.3232895	32867.242988	29993.5131579	29079.7467057	21722.315729	25873.9434755	27207.4073907	30648.9803993	38934.0179986	36483.5694228	32123.1315789	24934.5961228
alpha_rarefaction_101710_9.txt	101710	9	31520.6436339	32332.4978974	29802.008273	28662.5648264	21990.5458498	26169.5006356	27498.1150647	30153.2325665	40094.5233737	37139.0966123	32731.7457858	25344.1129141