	sequences per sample	iteration	CK1	CK2	CK3	JXBR161	JXBR162	JXBR163	RW371	RW372	RW373	R37J161	R37J162	R37J163
alpha_rarefaction_10_0.txt	10	0	0.0	0.0	0.0	0.0	0.2	0.2	0.0	0.0	0.2	0.0	0.0	0.0
alpha_rarefaction_10_1.txt	10	1	0.0	0.0	0.0	0.0	0.0	0.0	0.0	0.0	0.0	0.0	0.0	0.2
alpha_rarefaction_10_2.txt	10	2	0.0	0.0	0.0	0.0	0.0	0.0	0.0	0.0	0.0	0.0	0.0	0.0
alpha_rarefaction_10_3.txt	10	3	0.0	0.0	0.0	0.0	0.0	0.0	0.0	0.2	0.2	0.2	0.2	0.0
alpha_rarefaction_10_4.txt	10	4	0.0	0.0	0.0	0.0	0.0	0.0	0.0	0.0	0.0	0.0	0.0	0.0
alpha_rarefaction_10_5.txt	10	5	0.0	0.0	0.0	0.0	0.0	0.0	0.0	0.0	0.0	0.0	0.0	0.0
alpha_rarefaction_10_6.txt	10	6	0.0	0.0	0.0	0.0	0.0	0.0	0.0	0.0	0.0	0.0	0.0	0.0
alpha_rarefaction_10_7.txt	10	7	0.0	0.0	0.2	0.0	0.0	0.0	0.0	0.0	0.0	0.0	0.2	0.0
alpha_rarefaction_10_8.txt	10	8	0.0	0.0	0.0	0.0	0.0	0.0	0.0	0.0	0.0	0.0	0.0	0.0
alpha_rarefaction_10_9.txt	10	9	0.0	0.0	0.0	0.0	0.0	0.0	0.0	0.0	0.0	0.0	0.0	0.0
alpha_rarefaction_10180_0.txt	10180	0	0.682220039293	0.704715127701	0.745088408644	0.693418467583	0.761886051081	0.694302554028	0.785658153242	0.751768172888	0.683791748527	0.720825147348	0.70884086444	0.74184675835
alpha_rarefaction_10180_1.txt	10180	1	0.678880157171	0.70068762279	0.740176817289	0.682023575639	0.765324165029	0.689882121807	0.792239685658	0.754125736739	0.68231827112	0.726620825147	0.711984282908	0.758349705305
alpha_rarefaction_10180_2.txt	10180	2	0.685854616896	0.701866404715	0.743418467583	0.68978388998	0.764734774067	0.696561886051	0.785461689587	0.750491159136	0.693025540275	0.721807465619	0.711001964637	0.748821218075
alpha_rarefaction_10180_3.txt	10180	3	0.687721021611	0.70068762279	0.748035363458	0.686542239686	0.767779960707	0.700196463654	0.783791748527	0.751964636542	0.684282907662	0.724852652259	0.717779960707	0.737917485265
alpha_rarefaction_10180_4.txt	10180	4	0.688310412574	0.705402750491	0.739096267191	0.68094302554	0.754322200393	0.697544204322	0.792337917485	0.748231827112	0.688310412574	0.727603143418	0.72141453831	0.747544204322
alpha_rarefaction_10180_5.txt	10180	5	0.686247544204	0.701473477407	0.740275049116	0.694793713163	0.762671905697	0.698919449902	0.794400785855	0.753241650295	0.677308447937	0.723182711198	0.714047151277	0.755009823183
alpha_rarefaction_10180_6.txt	10180	6	0.68300589391	0.706876227898	0.738015717092	0.683693516699	0.765815324165	0.69626719057	0.790078585462	0.756679764244	0.681041257367	0.72278978389	0.717779960707	0.74489194499
alpha_rarefaction_10180_7.txt	10180	7	0.694793713163	0.708939096267	0.739194499018	0.692829076621	0.767092337917	0.702848722986	0.787622789784	0.747642436149	0.688408644401	0.732416502947	0.714341846758	0.750785854617
alpha_rarefaction_10180_8.txt	10180	8	0.685952848723	0.704715127701	0.734479371316	0.684675834971	0.763654223969	0.69626719057	0.793418467583	0.753831041257	0.689489194499	0.719548133595	0.711493123772	0.74931237721
alpha_rarefaction_10180_9.txt	10180	9	0.692632612967	0.699115913556	0.743418467583	0.683595284872	0.763163064833	0.705500982318	0.787131630648	0.754813359528	0.688212180747	0.719351669941	0.71326129666	0.73673870334
alpha_rarefaction_20350_0.txt	20350	0	0.759705159705	0.773955773956	0.807125307125	0.759705159705	0.829336609337	0.768992628993	0.837788697789	0.813267813268	0.744766584767	0.785749385749	0.774398034398	0.811547911548
alpha_rarefaction_20350_1.txt	20350	1	0.756461916462	0.770614250614	0.803587223587	0.763587223587	0.832432432432	0.772678132678	0.841474201474	0.810565110565	0.748894348894	0.78113022113	0.779017199017	0.812481572482
alpha_rarefaction_20350_2.txt	20350	2	0.755773955774	0.772235872236	0.80914004914	0.76	0.83257985258	0.760687960688	0.839852579853	0.808746928747	0.746240786241	0.781621621622	0.773562653563	0.814938574939
alpha_rarefaction_20350_3.txt	20350	3	0.764520884521	0.777788697789	0.805405405405	0.755675675676	0.832383292383	0.769680589681	0.838427518428	0.808255528256	0.748402948403	0.778574938575	0.776167076167	0.811941031941
alpha_rarefaction_20350_4.txt	20350	4	0.755331695332	0.773906633907	0.804176904177	0.757248157248	0.833513513514	0.768746928747	0.838034398034	0.812235872236	0.744226044226	0.782800982801	0.777542997543	0.807076167076
alpha_rarefaction_20350_5.txt	20350	5	0.754054054054	0.773808353808	0.804176904177	0.758820638821	0.832776412776	0.764766584767	0.838132678133	0.806732186732	0.747223587224	0.784520884521	0.774250614251	0.809877149877
alpha_rarefaction_20350_6.txt	20350	6	0.762751842752	0.774594594595	0.804176904177	0.76058968059	0.833316953317	0.767714987715	0.840294840295	0.810810810811	0.752285012285	0.784864864865	0.779017199017	0.811105651106
alpha_rarefaction_20350_7.txt	20350	7	0.758083538084	0.776363636364	0.80285012285	0.758624078624	0.834692874693	0.763587223587	0.840098280098	0.806093366093	0.749434889435	0.783243243243	0.777542997543	0.814496314496
alpha_rarefaction_20350_8.txt	20350	8	0.759115479115	0.778034398034	0.804127764128	0.754889434889	0.831351351351	0.769778869779	0.84058968059	0.814643734644	0.742997542998	0.781031941032	0.780343980344	0.814348894349
alpha_rarefaction_20350_9.txt	20350	9	0.755184275184	0.778820638821	0.802751842752	0.764373464373	0.831203931204	0.769041769042	0.838034398034	0.809828009828	0.742113022113	0.779852579853	0.774201474201	0.808255528256
alpha_rarefaction_30520_0.txt	30520	0	0.792660550459	0.810550458716	0.83371559633	0.794397116645	0.861631716907	0.803079947575	0.869167758847	0.839711664482	0.779750982962	0.815792922674	0.809731323722	0.84370904325
alpha_rarefaction_30520_1.txt	30520	1	0.798328964613	0.807929226737	0.833420707733	0.797739187418	0.863040629096	0.805242463958	0.862155963303	0.840366972477	0.779718217562	0.810484927916	0.806946264744	0.843545216252
alpha_rarefaction_30520_2.txt	30520	2	0.790334207077	0.810386631717	0.834600262123	0.794757536042	0.863859764089	0.804292267366	0.862090432503	0.841644823067	0.777588466579	0.811664482307	0.80999344692	0.845183486239
alpha_rarefaction_30520_3.txt	30520	3	0.793152031455	0.812942332896	0.834862385321	0.796723460026	0.861861074705	0.804685452163	0.863204456094	0.835452162516	0.77998034076	0.813237221494	0.806487549148	0.84744429882
alpha_rarefaction_30520_4.txt	30520	4	0.796756225426	0.805733944954	0.837876802097	0.794823066841	0.86372870249	0.805832241153	0.860812581913	0.839646133683	0.783944954128	0.812352555701	0.809731323722	0.843872870249
alpha_rarefaction_30520_5.txt	30520	5	0.794692005242	0.813958060288	0.838663171691	0.794200524246	0.863171690695	0.803505897772	0.86749672346	0.842857142857	0.780406290957	0.810353866317	0.811730013106	0.846330275229
alpha_rarefaction_30520_6.txt	30520	6	0.794331585845	0.807765399738	0.836795543906	0.800163826999	0.86494102228	0.801605504587	0.860779816514	0.841513761468	0.778964613368	0.809633027523	0.810419397117	0.845609436435
alpha_rarefaction_30520_7.txt	30520	7	0.793446920052	0.806847968545	0.835878112713	0.801015727392	0.864384010485	0.805537352556	0.861009174312	0.842955439056	0.781094364351	0.816153342071	0.808650065531	0.843184796855
alpha_rarefaction_30520_8.txt	30520	8	0.79246395806	0.812712975098	0.836140235911	0.797640891219	0.866579292267	0.803243774574	0.867857142857	0.838826998689	0.777785058978	0.816186107471	0.810910878113	0.844757536042
alpha_rarefaction_30520_9.txt	30520	9	0.791513761468	0.806782437746	0.833355176933	0.79377457405	0.864908256881	0.80743774574	0.8624508519	0.838007863696	0.780799475754	0.814515072084	0.806880733945	0.846559633028
alpha_rarefaction_40690_0.txt	40690	0	0.819292209388	0.833153108872	0.857434259032	0.822020152372	0.882723027771	0.83305480462	0.880830670927	0.857729171787	0.806709265176	0.832956500369	0.831948881789	0.86458589334
alpha_rarefaction_40690_1.txt	40690	1	0.820938805603	0.836126812485	0.85674612927	0.820029491275	0.883779798476	0.832366674859	0.879724748095	0.85809781273	0.803858441878	0.831457360531	0.832440403047	0.864708773654
alpha_rarefaction_40690_2.txt	40690	2	0.821553207176	0.832637011551	0.855050380929	0.822413369378	0.88491029737	0.833423445564	0.87866797739	0.860481690833	0.805160973212	0.834357335955	0.83229294667	0.865446055542
alpha_rarefaction_40690_3.txt	40690	3	0.820471860408	0.831088719587	0.853280904399	0.82032440403	0.882280658638	0.833890390759	0.880560334234	0.859203735562	0.810223642173	0.834332759892	0.832956500369	0.867952813959
alpha_rarefaction_40690_4.txt	40690	4	0.819365937577	0.834971737528	0.853182600147	0.822192184812	0.88338658147	0.831924305726	0.88178913738	0.856623248956	0.806144015729	0.833423445564	0.831334480216	0.867829933645
alpha_rarefaction_40690_5.txt	40690	5	0.817866797739	0.833914966822	0.85421479479	0.820619316785	0.886335709019	0.832243794544	0.88102727943	0.860678299336	0.804915212583	0.833595478004	0.831826001475	0.866011304989
alpha_rarefaction_40690_6.txt	40690	6	0.821454902925	0.832612435488	0.857409682969	0.825731137872	0.884222167609	0.829589579749	0.880634062423	0.859498648317	0.807102482182	0.833275989187	0.831211599902	0.864290980585
alpha_rarefaction_40690_7.txt	40690	7	0.819587122143	0.834971737528	0.856279184075	0.822929466699	0.883681494225	0.832170066355	0.880756942738	0.858982550995	0.806414352421	0.835119193905	0.834406488081	0.865962152863
alpha_rarefaction_40690_8.txt	40690	8	0.821037109855	0.834848857213	0.857557139346	0.8244531826	0.883017940526	0.830818382895	0.880879823052	0.860014745638	0.802703366921	0.83482428115	0.829147210617	0.865790120423
alpha_rarefaction_40690_9.txt	40690	9	0.820938805603	0.832047186041	0.856402064389	0.821553207176	0.88161710494	0.835168346031	0.881445072499	0.859080855247	0.802334725977	0.832809043991	0.834431064144	0.864340132711
alpha_rarefaction_50860_0.txt	50860	0	0.84146677153	0.850924105387	0.871215100275	0.843334644121	0.897404640189	0.850471883602	0.89298073142	0.875147463626	0.822611089265	0.848151789225	0.849960676366	0.880672434133
alpha_rarefaction_50860_1.txt	50860	1	0.83916633897	0.851120723555	0.870920173024	0.84298073142	0.898250098309	0.855623279591	0.890601651593	0.872414471097	0.823948092804	0.847738891074	0.847267007471	0.880947699567
alpha_rarefaction_50860_2.txt	50860	2	0.837848997247	0.852398741644	0.87154935116	0.84303971687	0.896519858435	0.852457727094	0.892666142352	0.872473456547	0.822493118364	0.846716476602	0.847109712937	0.881930790405
alpha_rarefaction_50860_3.txt	50860	3	0.839500589855	0.852477388911	0.869819111286	0.84455367676	0.899567440031	0.852438065277	0.893413291388	0.871274085726	0.824262681872	0.850825796304	0.84994101455	0.880888714117
alpha_rarefaction_50860_4.txt	50860	4	0.839009044436	0.85066850177	0.869012976799	0.841781360598	0.901671254424	0.848780967361	0.891820684231	0.874931183641	0.824105387338	0.850196618168	0.846500196618	0.882225717656
alpha_rarefaction_50860_5.txt	50860	5	0.839697208022	0.853067243413	0.870487613055	0.844298073142	0.897345654738	0.849488792764	0.892666142352	0.871981911129	0.823692489186	0.849252850963	0.848230436492	0.878942194259
alpha_rarefaction_50860_6.txt	50860	6	0.838104600865	0.851789225324	0.871667322061	0.843786865906	0.899115218246	0.850924105387	0.88989382619	0.870998820291	0.823633503736	0.847955171058	0.851160047188	0.882776248525
alpha_rarefaction_50860_7.txt	50860	7	0.839697208022	0.851651592607	0.869838773103	0.842626818718	0.895713723948	0.851061738105	0.89309870232	0.871883602045	0.821804954778	0.848014156508	0.84836806921	0.880574125049
alpha_rarefaction_50860_8.txt	50860	8	0.838773102635	0.852693668895	0.869268580417	0.840837593394	0.897050727487	0.851749901691	0.889323633504	0.872060558396	0.82233582383	0.848446716477	0.852320094377	0.881124655918
alpha_rarefaction_50860_9.txt	50860	9	0.841289815179	0.851926858042	0.872709398348	0.841840346048	0.897070389304	0.851966181675	0.892764451435	0.871686983877	0.823377900118	0.847896185608	0.850550530869	0.881124655918
alpha_rarefaction_61030_0.txt	61030	0	0.853957070293	0.865295756185	0.880992954285	0.857725708668	0.909585449779	0.869850893003	0.901114206128	0.883008356546	0.839472390628	0.857791250205	0.861183024742	0.892397181714
alpha_rarefaction_61030_1.txt	61030	1	0.856447648697	0.863395051614	0.880927412748	0.857905947894	0.910847124365	0.86906439456	0.901687694576	0.884302801901	0.837473373751	0.861133868589	0.864443716205	0.892397181714
alpha_rarefaction_61030_2.txt	61030	2	0.856349336392	0.865967556939	0.882647878093	0.858708831722	0.908717024414	0.870063902999	0.899442896936	0.8839914796	0.835621825332	0.861805669343	0.862264460102	0.892675733246
alpha_rarefaction_61030_3.txt	61030	3	0.853662133377	0.865525151565	0.881238735048	0.860330984762	0.908487629035	0.867655251516	0.901359986892	0.883221366541	0.835752908406	0.861658200885	0.861838440111	0.891332131738
alpha_rarefaction_61030_4.txt	61030	4	0.854645256431	0.866229723087	0.881337047354	0.858528592495	0.908422087498	0.871227265279	0.900376863837	0.883712928068	0.837080124529	0.860347370146	0.860658692446	0.895117155497
alpha_rarefaction_61030_5.txt	61030	5	0.855988857939	0.864378174668	0.882729805014	0.859184007865	0.908667868262	0.867999344585	0.900753727675	0.884515811896	0.836916270687	0.860593150909	0.861789283959	0.891348517123
alpha_rarefaction_61030_6.txt	61030	6	0.853531050303	0.86573816156	0.881255120433	0.857053907914	0.910814353597	0.867704407668	0.900081926921	0.882795346551	0.836293626086	0.861068327052	0.861822054727	0.889972144847
alpha_rarefaction_61030_7.txt	61030	7	0.853694904146	0.864542028511	0.883041127314	0.860445682451	0.910732426675	0.871063411437	0.900491561527	0.883221366541	0.837784696051	0.859200393249	0.863542520072	0.892757660167
alpha_rarefaction_61030_8.txt	61030	8	0.854776339505	0.866180566934	0.881156808127	0.858331967885	0.907389808291	0.86701622153	0.902031787645	0.882549565787	0.837735539898	0.861428805505	0.861264951663	0.890250696379
alpha_rarefaction_61030_9.txt	61030	9	0.853219728003	0.865017204653	0.881418974275	0.860019662461	0.910896280518	0.867475012289	0.900770113059	0.884777978044	0.836768802228	0.860281828609	0.861641815501	0.892855972473
alpha_rarefaction_71200_0.txt	71200	0	0.868132022472	0.877640449438	0.891011235955	0.874438202247	0.918651685393	0.881053370787	0.90941011236	0.890210674157	0.851418539326	0.870463483146	0.875070224719	0.903216292135
alpha_rarefaction_71200_1.txt	71200	1	0.868792134831	0.876615168539	0.890561797753	0.87220505618	0.920800561798	0.882963483146	0.90731741573	0.891053370787	0.850028089888	0.86952247191	0.873918539326	0.901601123596
alpha_rarefaction_71200_2.txt	71200	2	0.868581460674	0.875421348315	0.890561797753	0.871938202247	0.917949438202	0.882471910112	0.908019662921	0.891980337079	0.850421348315	0.871952247191	0.872823033708	0.903862359551
alpha_rarefaction_71200_3.txt	71200	3	0.868497191011	0.877036516854	0.891699438202	0.876207865169	0.917429775281	0.883033707865	0.909087078652	0.890926966292	0.851558988764	0.872134831461	0.874058988764	0.902120786517
alpha_rarefaction_71200_4.txt	71200	4	0.868890449438	0.876896067416	0.891165730337	0.873117977528	0.918061797753	0.885533707865	0.908174157303	0.891362359551	0.849325842697	0.872303370787	0.874508426966	0.902401685393
alpha_rarefaction_71200_5.txt	71200	5	0.868988764045	0.87595505618	0.891615168539	0.875421348315	0.916615168539	0.884030898876	0.907401685393	0.890266853933	0.850266853933	0.872780898876	0.875407303371	0.901502808989
alpha_rarefaction_71200_6.txt	71200	6	0.866418539326	0.875856741573	0.891193820225	0.874564606742	0.918019662921	0.883764044944	0.907808988764	0.891980337079	0.848693820225	0.870365168539	0.87452247191	0.903342696629
alpha_rarefaction_71200_7.txt	71200	7	0.870603932584	0.87625	0.890632022472	0.872359550562	0.918834269663	0.882935393258	0.909831460674	0.891938202247	0.849887640449	0.871362359551	0.874073033708	0.901502808989
alpha_rarefaction_71200_8.txt	71200	8	0.868117977528	0.873960674157	0.892064606742	0.873679775281	0.917514044944	0.883244382022	0.90797752809	0.893525280899	0.850112359551	0.870786516854	0.872275280899	0.901207865169
alpha_rarefaction_71200_9.txt	71200	9	0.870098314607	0.877261235955	0.891853932584	0.873033707865	0.920351123596	0.884564606742	0.907893258427	0.892429775281	0.849606741573	0.872106741573	0.872612359551	0.901179775281
alpha_rarefaction_81370_0.txt	81370	0	0.879869730859	0.88801769694	0.899557576502	0.887427798943	0.926520830773	0.895366842817	0.91321125722	0.898476096842	0.861226496252	0.878948015239	0.882782352218	0.911208061939
alpha_rarefaction_81370_1.txt	81370	1	0.879120068821	0.885768710827	0.899705051002	0.885940764409	0.926348777191	0.895600344107	0.915620007374	0.899373233378	0.859333906845	0.879562492319	0.883495145631	0.909942239154
alpha_rarefaction_81370_2.txt	81370	2	0.879968047192	0.888447830896	0.899262627504	0.88586702716	0.925316455696	0.895452869608	0.914034656507	0.898783335382	0.857945188644	0.879292122404	0.88456433575	0.910335504486
alpha_rarefaction_81370_3.txt	81370	3	0.880189258941	0.884933021998	0.900098316333	0.886026791201	0.925611404695	0.895637212732	0.914182131007	0.901044611036	0.860231043382	0.878984883864	0.883445987465	0.910532137151
alpha_rarefaction_81370_4.txt	81370	4	0.879390438737	0.887218876736	0.900528450289	0.886592110114	0.925746589652	0.894936708861	0.913702838884	0.898967678506	0.859321617304	0.877460980705	0.882622588177	0.910347794027
alpha_rarefaction_81370_5.txt	81370	5	0.880361312523	0.88586702716	0.899877104584	0.886604399656	0.92526729753	0.894334521322	0.913604522551	0.900245790832	0.859272459137	0.879918889025	0.883912990045	0.910040555487
alpha_rarefaction_81370_6.txt	81370	6	0.879623940027	0.886862480029	0.899410102003	0.8861742657	0.926225881775	0.893793781492	0.914907213961	0.899754209168	0.85998525255	0.879943468109	0.884760968416	0.909991397321
alpha_rarefaction_81370_7.txt	81370	7	0.880004915817	0.887120560403	0.899557576502	0.887169718569	0.925635983778	0.895502027774	0.914501659088	0.900331817623	0.859960673467	0.878997173405	0.883151038466	0.910802507066
alpha_rarefaction_81370_8.txt	81370	8	0.880545655647	0.884724099791	0.897492933514	0.885449182745	0.926656015731	0.894641759862	0.914268157798	0.900258080374	0.86021875384	0.879439596903	0.881983532014	0.90959813199
alpha_rarefaction_81370_9.txt	81370	9	0.879709966818	0.886149686617	0.899582155586	0.886751874155	0.925255007988	0.893597148826	0.913727417967	0.898512965466	0.859505960428	0.879427307361	0.883937569129	0.910384662652
alpha_rarefaction_91540_0.txt	91540	0	0.890255625956	0.893948000874	0.905593183308	0.896296700896	0.930980991916	0.905112519117	0.919816473673	0.907067948438	0.869117325759	0.886399388246	0.892757264584	0.918003058772
alpha_rarefaction_91540_1.txt	91540	1	0.890474109679	0.893980773432	0.906346952152	0.895226130653	0.931931396111	0.9064671182	0.920067729954	0.907406598208	0.871378632292	0.888081712912	0.891173257592	0.917708105746
alpha_rarefaction_91540_2.txt	91540	2	0.889753113393	0.894439589251	0.905975529823	0.897793314398	0.931439807734	0.90527638191	0.920308062049	0.906554511689	0.869237491807	0.888409438497	0.891457286432	0.91670308062
alpha_rarefaction_91540_3.txt	91540	3	0.890069914791	0.894286650645	0.905909984706	0.896711819969	0.931669215643	0.905057898187	0.919805549487	0.905931833078	0.86769718156	0.885492680795	0.893227004588	0.917380380162
alpha_rarefaction_91540_4.txt	91540	4	0.88981865851	0.893827834826	0.905986454009	0.897203408346	0.930937295172	0.905888136334	0.918636661569	0.907362901464	0.870056805768	0.887830456631	0.891806860389	0.916735853179
alpha_rarefaction_91540_5.txt	91540	5	0.889829582696	0.893838759012	0.906904085646	0.897236180905	0.93173476076	0.906150316801	0.919193795062	0.906062923312	0.870242516932	0.886956521739	0.892866506445	0.917762726677
alpha_rarefaction_91540_6.txt	91540	6	0.889720340835	0.893926152502	0.905232685165	0.897061393926	0.931330565873	0.906161240988	0.919128249945	0.906587284247	0.870701332751	0.886126283592	0.893467336683	0.917915665283
alpha_rarefaction_91540_7.txt	91540	7	0.890069914791	0.893587502731	0.907155341927	0.89705046974	0.932237273323	0.906161240988	0.920351758794	0.906008302381	0.86945597553	0.886639720341	0.892309372952	0.917216517369
alpha_rarefaction_91540_8.txt	91540	8	0.890058990605	0.895466462749	0.906106620057	0.896438715316	0.932062486345	0.905625955866	0.921149224383	0.907188114485	0.869674459253	0.887120384531	0.893751365523	0.917992134586
alpha_rarefaction_91540_9.txt	91540	9	0.889327070133	0.893303473891	0.90561503168	0.8967664409	0.93173476076	0.906357876338	0.918505571335	0.905254533537	0.870373607166	0.88805986454	0.891883329692	0.918582040638
alpha_rarefaction_101710_0.txt	101710	0	0.899272441255	0.900521089372	0.912132533674	0.908347261823	0.93681053977	0.915789991151	0.924196244224	0.911768754301	0.877160554518	0.894395831285	0.899596893128	0.922721462983
alpha_rarefaction_101710_1.txt	101710	1	0.899272441255	0.901514108741	0.91284042867	0.907108445581	0.937154655393	0.915976796775	0.9239701111	0.911591780553	0.877976600138	0.893835414414	0.899852521876	0.92398977485
alpha_rarefaction_101710_2.txt	101710	2	0.899282273129	0.902310490611	0.912496313047	0.906695506833	0.937557762265	0.915868646151	0.924314226723	0.912869924295	0.878015927637	0.893805918789	0.901376462491	0.924324058598
alpha_rarefaction_101710_3.txt	101710	3	0.899282273129	0.901219152492	0.912437321797	0.907383738079	0.936653229771	0.915367220529	0.923576836103	0.912112869924	0.878369875135	0.893599449415	0.900147478124	0.922977091731
alpha_rarefaction_101710_4.txt	101710	4	0.899272441255	0.901405958116	0.91286009242	0.905908956838	0.938265657261	0.914777308033	0.924078261725	0.911424638679	0.879058106381	0.893451971291	0.900471929997	0.923861960476
alpha_rarefaction_101710_5.txt	101710	5	0.899282273129	0.901179824993	0.912987906794	0.906941303707	0.938314816636	0.915091928031	0.923881624226	0.912309507423	0.878881132632	0.89362894504	0.900412938747	0.924225739849
alpha_rarefaction_101710_6.txt	101710	6	0.899282273129	0.901464949366	0.912506144922	0.907609871202	0.937351292892	0.915554026153	0.923399862354	0.912368498673	0.877317864517	0.892596598171	0.901071674368	0.923616163602
alpha_rarefaction_101710_7.txt	101710	7	0.899272441255	0.901228984367	0.912339003048	0.908012978075	0.937695408514	0.915180414905	0.923704650477	0.912810933045	0.876934421394	0.893451971291	0.900176973749	0.923557172353
alpha_rarefaction_101710_8.txt	101710	8	0.899301936879	0.901494444991	0.911808081801	0.905151902468	0.936820371645	0.91674368302	0.923753809852	0.911473798053	0.879628355127	0.893904237538	0.899714875627	0.924284731098
alpha_rarefaction_101710_9.txt	101710	9	0.899292105004	0.902280994986	0.912928915544	0.906685674958	0.936692557271	0.915858814276	0.923714482352	0.912270179923	0.878015927637	0.892626093796	0.899016812506	0.924206076099