	sequences per sample	iteration	CK1	CK2	CK3	JXBR161	JXBR162	JXBR163	RW371	RW372	RW373	R37J161	R37J162	R37J163
alpha_rarefaction_10_0.txt	10	0	10.0	10.0	10.0	10.0	9.0	9.0	10.0	10.0	9.0	10.0	10.0	10.0
alpha_rarefaction_10_1.txt	10	1	10.0	10.0	10.0	10.0	10.0	10.0	10.0	10.0	10.0	10.0	10.0	9.0
alpha_rarefaction_10_2.txt	10	2	10.0	10.0	10.0	10.0	10.0	10.0	10.0	10.0	10.0	10.0	10.0	10.0
alpha_rarefaction_10_3.txt	10	3	10.0	10.0	10.0	10.0	10.0	10.0	10.0	9.0	9.0	9.0	9.0	10.0
alpha_rarefaction_10_4.txt	10	4	10.0	10.0	10.0	10.0	10.0	10.0	10.0	10.0	10.0	10.0	10.0	10.0
alpha_rarefaction_10_5.txt	10	5	10.0	10.0	10.0	10.0	10.0	10.0	10.0	10.0	10.0	10.0	10.0	10.0
alpha_rarefaction_10_6.txt	10	6	10.0	10.0	10.0	10.0	10.0	10.0	10.0	10.0	10.0	10.0	10.0	10.0
alpha_rarefaction_10_7.txt	10	7	10.0	10.0	9.0	10.0	10.0	10.0	10.0	10.0	10.0	10.0	9.0	10.0
alpha_rarefaction_10_8.txt	10	8	10.0	10.0	10.0	10.0	10.0	10.0	10.0	10.0	10.0	10.0	10.0	10.0
alpha_rarefaction_10_9.txt	10	9	10.0	10.0	10.0	10.0	10.0	10.0	10.0	10.0	10.0	10.0	10.0	10.0
alpha_rarefaction_10180_0.txt	10180	0	4451.0	4328.0	3901.0	4378.0	3829.0	4417.0	3260.0	3667.0	4333.0	4031.0	4087.0	3905.0
alpha_rarefaction_10180_1.txt	10180	1	4515.0	4350.0	3912.0	4456.0	3749.0	4453.0	3183.0	3636.0	4356.0	3992.0	4076.0	3800.0
alpha_rarefaction_10180_2.txt	10180	2	4436.0	4350.0	3877.0	4396.0	3770.0	4372.0	3216.0	3677.0	4287.0	4014.0	4061.0	3843.0
alpha_rarefaction_10180_3.txt	10180	3	4416.0	4354.0	3855.0	4451.0	3730.0	4327.0	3263.0	3675.0	4397.0	3979.0	3999.0	3913.0
alpha_rarefaction_10180_4.txt	10180	4	4421.0	4331.0	3933.0	4533.0	3871.0	4370.0	3194.0	3729.0	4368.0	3947.0	3975.0	3853.0
alpha_rarefaction_10180_5.txt	10180	5	4450.0	4369.0	3909.0	4398.0	3768.0	4384.0	3152.0	3631.0	4396.0	4011.0	4048.0	3793.0
alpha_rarefaction_10180_6.txt	10180	6	4471.0	4343.0	3929.0	4472.0	3743.0	4379.0	3237.0	3617.0	4389.0	4009.0	4048.0	3874.0
alpha_rarefaction_10180_7.txt	10180	7	4392.0	4296.0	3949.0	4387.0	3713.0	4325.0	3248.0	3716.0	4321.0	3925.0	4034.0	3851.0
alpha_rarefaction_10180_8.txt	10180	8	4428.0	4349.0	3989.0	4478.0	3751.0	4395.0	3165.0	3655.0	4297.0	4051.0	4048.0	3816.0
alpha_rarefaction_10180_9.txt	10180	9	4386.0	4400.0	3913.0	4472.0	3769.0	4303.0	3253.0	3651.0	4330.0	4075.0	4054.0	3935.0
alpha_rarefaction_20350_0.txt	20350	0	7203.0	6948.0	6129.0	7152.0	5780.0	7015.0	5058.0	5816.0	7251.0	6474.0	6615.0	6054.0
alpha_rarefaction_20350_1.txt	20350	1	7220.0	6968.0	6224.0	7118.0	5771.0	6958.0	4999.0	5839.0	7144.0	6504.0	6552.0	6032.0
alpha_rarefaction_20350_2.txt	20350	2	7225.0	6933.0	6104.0	7187.0	5695.0	7227.0	5058.0	5918.0	7247.0	6501.0	6625.0	5967.0
alpha_rarefaction_20350_3.txt	20350	3	7091.0	6876.0	6173.0	7239.0	5726.0	7030.0	5099.0	5911.0	7218.0	6545.0	6566.0	6039.0
alpha_rarefaction_20350_4.txt	20350	4	7245.0	6937.0	6202.0	7210.0	5739.0	6999.0	5076.0	5805.0	7276.0	6466.0	6590.0	6141.0
alpha_rarefaction_20350_5.txt	20350	5	7292.0	6957.0	6128.0	7183.0	5745.0	7070.0	5096.0	5971.0	7218.0	6480.0	6572.0	6036.0
alpha_rarefaction_20350_6.txt	20350	6	7046.0	6934.0	6202.0	7144.0	5752.0	7070.0	5076.0	5891.0	7142.0	6475.0	6575.0	6050.0
alpha_rarefaction_20350_7.txt	20350	7	7221.0	6875.0	6197.0	7190.0	5722.0	7129.0	5087.0	5941.0	7174.0	6451.0	6576.0	6009.0
alpha_rarefaction_20350_8.txt	20350	8	7222.0	6861.0	6213.0	7288.0	5712.0	7028.0	5078.0	5797.0	7313.0	6530.0	6547.0	6024.0
alpha_rarefaction_20350_9.txt	20350	9	7300.0	6846.0	6200.0	7090.0	5737.0	7028.0	5119.0	5883.0	7321.0	6560.0	6598.0	6087.0
alpha_rarefaction_30520_0.txt	30520	0	9523.0	9003.0	8054.0	9447.0	7377.0	9262.0	6439.0	7613.0	9652.0	8432.0	8679.0	7753.0
alpha_rarefaction_30520_1.txt	30520	1	9407.0	9075.0	8050.0	9403.0	7287.0	9244.0	6646.0	7650.0	9639.0	8622.0	8760.0	7774.0
alpha_rarefaction_30520_2.txt	30520	2	9601.0	9008.0	8076.0	9514.0	7324.0	9225.0	6600.0	7584.0	9700.0	8594.0	8642.0	7760.0
alpha_rarefaction_30520_3.txt	30520	3	9476.0	8992.0	8009.0	9429.0	7345.0	9260.0	6610.0	7754.0	9612.0	8517.0	8787.0	7693.0
alpha_rarefaction_30520_4.txt	30520	4	9431.0	9134.0	7966.0	9438.0	7259.0	9217.0	6639.0	7661.0	9564.0	8575.0	8648.0	7822.0
alpha_rarefaction_30520_5.txt	30520	5	9465.0	8937.0	7988.0	9507.0	7364.0	9299.0	6490.0	7565.0	9673.0	8610.0	8643.0	7735.0
alpha_rarefaction_30520_6.txt	30520	6	9499.0	9055.0	8051.0	9347.0	7237.0	9303.0	6640.0	7555.0	9687.0	8629.0	8621.0	7769.0
alpha_rarefaction_30520_7.txt	30520	7	9499.0	9110.0	8039.0	9292.0	7303.0	9244.0	6613.0	7508.0	9628.0	8496.0	8721.0	7758.0
alpha_rarefaction_30520_8.txt	30520	8	9523.0	8948.0	8015.0	9434.0	7217.0	9293.0	6504.0	7681.0	9737.0	8459.0	8654.0	7764.0
alpha_rarefaction_30520_9.txt	30520	9	9578.0	9123.0	8089.0	9474.0	7272.0	9151.0	6560.0	7714.0	9564.0	8527.0	8712.0	7744.0
alpha_rarefaction_40690_0.txt	40690	0	11399.0	10823.0	9508.0	11345.0	8658.0	10999.0	7809.0	9189.0	11671.0	10390.0	10485.0	9244.0
alpha_rarefaction_40690_1.txt	40690	1	11381.0	10752.0	9556.0	11503.0	8593.0	11029.0	7886.0	9205.0	11705.0	10385.0	10455.0	9268.0
alpha_rarefaction_40690_2.txt	40690	2	11376.0	10902.0	9602.0	11383.0	8545.0	11024.0	7883.0	9093.0	11693.0	10346.0	10434.0	9236.0
alpha_rarefaction_40690_3.txt	40690	3	11461.0	10938.0	9670.0	11467.0	8677.0	10986.0	7847.0	9116.0	11531.0	10318.0	10513.0	9125.0
alpha_rarefaction_40690_4.txt	40690	4	11469.0	10793.0	9692.0	11450.0	8671.0	11096.0	7830.0	9229.0	11691.0	10325.0	10517.0	9161.0
alpha_rarefaction_40690_5.txt	40690	5	11476.0	10825.0	9610.0	11447.0	8446.0	11114.0	7871.0	9089.0	11708.0	10340.0	10508.0	9232.0
alpha_rarefaction_40690_6.txt	40690	6	11364.0	10890.0	9500.0	11315.0	8587.0	11112.0	7851.0	9184.0	11630.0	10338.0	10547.0	9318.0
alpha_rarefaction_40690_7.txt	40690	7	11449.0	10820.0	9620.0	11280.0	8625.0	11050.0	7843.0	9140.0	11714.0	10319.0	10439.0	9188.0
alpha_rarefaction_40690_8.txt	40690	8	11415.0	10811.0	9519.0	11276.0	8647.0	11134.0	7873.0	9095.0	11754.0	10274.0	10575.0	9198.0
alpha_rarefaction_40690_9.txt	40690	9	11386.0	10916.0	9563.0	11408.0	8645.0	10982.0	7836.0	9164.0	11842.0	10350.0	10455.0	9264.0
alpha_rarefaction_50860_0.txt	50860	0	13067.0	12375.0	10966.0	13049.0	9751.0	12749.0	8955.0	10430.0	13587.0	12036.0	12072.0	10488.0
alpha_rarefaction_50860_1.txt	50860	1	13165.0	12463.0	10961.0	13011.0	9670.0	12522.0	9075.0	10485.0	13609.0	11973.0	12151.0	10508.0
alpha_rarefaction_50860_2.txt	50860	2	13217.0	12354.0	10903.0	13009.0	9747.0	12621.0	8950.0	10509.0	13611.0	12029.0	12175.0	10503.0
alpha_rarefaction_50860_3.txt	50860	3	13161.0	12405.0	10973.0	13019.0	9659.0	12651.0	8964.0	10524.0	13542.0	11883.0	12056.0	10532.0
alpha_rarefaction_50860_4.txt	50860	4	13161.0	12470.0	10984.0	13095.0	9553.0	12818.0	9014.0	10414.0	13547.0	11843.0	12205.0	10467.0
alpha_rarefaction_50860_5.txt	50860	5	13126.0	12363.0	11018.0	12958.0	9695.0	12720.0	8966.0	10554.0	13608.0	11913.0	12159.0	10556.0
alpha_rarefaction_50860_6.txt	50860	6	13192.0	12387.0	10933.0	13041.0	9653.0	12666.0	9095.0	10583.0	13542.0	11941.0	12035.0	10467.0
alpha_rarefaction_50860_7.txt	50860	7	13181.0	12368.0	10963.0	13077.0	9787.0	12740.0	9006.0	10609.0	13629.0	11914.0	12133.0	10569.0
alpha_rarefaction_50860_8.txt	50860	8	13163.0	12342.0	11016.0	13111.0	9738.0	12666.0	9092.0	10512.0	13589.0	11893.0	12011.0	10460.0
alpha_rarefaction_50860_9.txt	50860	9	13094.0	12442.0	10849.0	13089.0	9736.0	12682.0	8962.0	10565.0	13586.0	11944.0	12051.0	10500.0
alpha_rarefaction_61030_0.txt	61030	0	14722.0	13834.0	12303.0	14586.0	10641.0	14004.0	10095.0	11724.0	15243.0	13571.0	13621.0	11672.0
alpha_rarefaction_61030_1.txt	61030	1	14707.0	13943.0	12315.0	14650.0	10633.0	14066.0	10033.0	11744.0	15356.0	13451.0	13536.0	11672.0
alpha_rarefaction_61030_2.txt	61030	2	14672.0	13841.0	12207.0	14576.0	10699.0	14008.0	10107.0	11715.0	15469.0	13423.0	13627.0	11676.0
alpha_rarefaction_61030_3.txt	61030	3	14763.0	13895.0	12261.0	14489.0	10739.0	14121.0	10088.0	11762.0	15413.0	13381.0	13634.0	11758.0
alpha_rarefaction_61030_4.txt	61030	4	14742.0	13797.0	12239.0	14632.0	10692.0	14068.0	10056.0	11752.0	15292.0	13465.0	13658.0	11577.0
alpha_rarefaction_61030_5.txt	61030	5	14676.0	13833.0	12210.0	14597.0	10679.0	14147.0	10123.0	11701.0	15363.0	13400.0	13647.0	11762.0
alpha_rarefaction_61030_6.txt	61030	6	14793.0	13799.0	12245.0	14640.0	10573.0	14153.0	10125.0	11766.0	15385.0	13415.0	13626.0	11843.0
alpha_rarefaction_61030_7.txt	61030	7	14780.0	13902.0	12199.0	14467.0	10606.0	13998.0	10092.0	11789.0	15318.0	13501.0	13507.0	11650.0
alpha_rarefaction_61030_8.txt	61030	8	14732.0	13838.0	12271.0	14670.0	10744.0	14145.0	10009.0	11770.0	15309.0	13368.0	13698.0	11787.0
alpha_rarefaction_61030_9.txt	61030	9	14802.0	13858.0	12291.0	14550.0	10639.0	14195.0	10036.0	11655.0	15334.0	13423.0	13627.0	11662.0
alpha_rarefaction_71200_0.txt	71200	0	16172.0	15139.0	13421.0	15910.0	11544.0	15360.0	10963.0	13045.0	16866.0	14821.0	14840.0	12676.0
alpha_rarefaction_71200_1.txt	71200	1	16112.0	15206.0	13424.0	15948.0	11399.0	15380.0	11066.0	13013.0	16975.0	14812.0	14953.0	12758.0
alpha_rarefaction_71200_2.txt	71200	2	16136.0	15191.0	13438.0	16018.0	11555.0	15392.0	11022.0	12896.0	16847.0	14788.0	14994.0	12681.0
alpha_rarefaction_71200_3.txt	71200	3	16131.0	15095.0	13328.0	15810.0	11575.0	15340.0	11039.0	12999.0	16820.0	14727.0	14904.0	12782.0
alpha_rarefaction_71200_4.txt	71200	4	16121.0	15125.0	13437.0	15928.0	11553.0	15204.0	11124.0	12913.0	16921.0	14679.0	14929.0	12682.0
alpha_rarefaction_71200_5.txt	71200	5	16062.0	15170.0	13387.0	15892.0	11662.0	15272.0	11075.0	13002.0	16848.0	14689.0	14809.0	12728.0
alpha_rarefaction_71200_6.txt	71200	6	16219.0	15168.0	13403.0	15911.0	11504.0	15293.0	11027.0	12956.0	16999.0	14803.0	14924.0	12691.0
alpha_rarefaction_71200_7.txt	71200	7	16068.0	15207.0	13476.0	15965.0	11563.0	15340.0	10942.0	12869.0	16925.0	14777.0	14954.0	12778.0
alpha_rarefaction_71200_8.txt	71200	8	16166.0	15335.0	13350.0	15894.0	11576.0	15334.0	11059.0	12837.0	16927.0	14775.0	15048.0	12788.0
alpha_rarefaction_71200_9.txt	71200	9	16053.0	15123.0	13369.0	16007.0	11426.0	15218.0	11057.0	12883.0	16930.0	14711.0	14973.0	12739.0
alpha_rarefaction_81370_0.txt	81370	0	17413.0	16286.0	14463.0	17056.0	12299.0	16425.0	12003.0	13988.0	18379.0	16008.0	16235.0	13666.0
alpha_rarefaction_81370_1.txt	81370	1	17436.0	16417.0	14423.0	17116.0	12272.0	16382.0	11826.0	14042.0	18412.0	16061.0	16204.0	13723.0
alpha_rarefaction_81370_2.txt	81370	2	17421.0	16226.0	14492.0	17155.0	12366.0	16455.0	11999.0	13988.0	18549.0	16076.0	16061.0	13697.0
alpha_rarefaction_81370_3.txt	81370	3	17333.0	16524.0	14484.0	17205.0	12256.0	16442.0	11899.0	13880.0	18425.0	16036.0	16177.0	13692.0
alpha_rarefaction_81370_4.txt	81370	4	17402.0	16302.0	14392.0	17124.0	12297.0	16510.0	11979.0	14020.0	18468.0	16177.0	16181.0	13704.0
alpha_rarefaction_81370_5.txt	81370	5	17343.0	16416.0	14356.0	17135.0	12328.0	16508.0	11998.0	13948.0	18456.0	15969.0	16181.0	13664.0
alpha_rarefaction_81370_6.txt	81370	6	17438.0	16371.0	14436.0	17138.0	12324.0	16534.0	11882.0	13945.0	18389.0	16035.0	16161.0	13692.0
alpha_rarefaction_81370_7.txt	81370	7	17402.0	16335.0	14422.0	17132.0	12349.0	16479.0	11955.0	13933.0	18421.0	16053.0	16199.0	13585.0
alpha_rarefaction_81370_8.txt	81370	8	17352.0	16483.0	14553.0	17157.0	12280.0	16448.0	11956.0	13905.0	18450.0	16068.0	16211.0	13756.0
alpha_rarefaction_81370_9.txt	81370	9	17443.0	16357.0	14439.0	17066.0	12375.0	16537.0	11998.0	14010.0	18461.0	16042.0	16185.0	13681.0
alpha_rarefaction_91540_0.txt	91540	0	18570.0	17446.0	15493.0	18266.0	13060.0	17468.0	12794.0	14861.0	19764.0	17250.0	17281.0	14501.0
alpha_rarefaction_91540_1.txt	91540	1	18540.0	17540.0	15417.0	18324.0	13048.0	17400.0	12782.0	14914.0	19593.0	17122.0	17348.0	14530.0
alpha_rarefaction_91540_2.txt	91540	2	18584.0	17517.0	15451.0	18154.0	13115.0	17495.0	12783.0	14955.0	19800.0	17120.0	17318.0	14582.0
alpha_rarefaction_91540_3.txt	91540	3	18560.0	17463.0	15465.0	18356.0	13026.0	17483.0	12803.0	14964.0	19890.0	17394.0	17234.0	14533.0
alpha_rarefaction_91540_4.txt	91540	4	18569.0	17556.0	15481.0	18254.0	13086.0	17439.0	12830.0	14859.0	19762.0	17116.0	17290.0	14576.0
alpha_rarefaction_91540_5.txt	91540	5	18551.0	17537.0	15443.0	18256.0	13126.0	17461.0	12812.0	14983.0	19753.0	17198.0	17267.0	14477.0
alpha_rarefaction_91540_6.txt	91540	6	18574.0	17495.0	15508.0	18236.0	13093.0	17434.0	12818.0	14918.0	19692.0	17305.0	17212.0	14491.0
alpha_rarefaction_91540_7.txt	91540	7	18598.0	17548.0	15382.0	18219.0	13066.0	17471.0	12725.0	14925.0	19775.0	17336.0	17356.0	14548.0
alpha_rarefaction_91540_8.txt	91540	8	18559.0	17456.0	15423.0	18277.0	13054.0	17517.0	12685.0	14870.0	19792.0	17233.0	17265.0	14486.0
alpha_rarefaction_91540_9.txt	91540	9	18625.0	17544.0	15519.0	18246.0	13065.0	17452.0	12854.0	15013.0	19707.0	17178.0	17309.0	14494.0
alpha_rarefaction_101710_0.txt	101710	0	19638.0	18596.0	16390.0	19178.0	13696.0	18380.0	13611.0	15867.0	21174.0	18261.0	18395.0	15439.0
alpha_rarefaction_101710_1.txt	101710	1	19638.0	18511.0	16339.0	19238.0	13759.0	18352.0	13564.0	15945.0	21072.0	18357.0	18408.0	15353.0
alpha_rarefaction_101710_2.txt	101710	2	19637.0	18483.0	16373.0	19251.0	13762.0	18379.0	13521.0	15759.0	20996.0	18338.0	18335.0	15309.0
alpha_rarefaction_101710_3.txt	101710	3	19638.0	18522.0	16370.0	19231.0	13764.0	18444.0	13655.0	15835.0	21056.0	18368.0	18397.0	15429.0
alpha_rarefaction_101710_4.txt	101710	4	19638.0	18521.0	16324.0	19354.0	13663.0	18459.0	13548.0	15877.0	21068.0	18334.0	18329.0	15325.0
alpha_rarefaction_101710_5.txt	101710	5	19638.0	18573.0	16304.0	19282.0	13668.0	18417.0	13585.0	15845.0	21053.0	18347.0	18333.0	15342.0
alpha_rarefaction_101710_6.txt	101710	6	19638.0	18612.0	16379.0	19238.0	13760.0	18395.0	13650.0	15823.0	21087.0	18411.0	18284.0	15362.0
alpha_rarefaction_101710_7.txt	101710	7	19638.0	18579.0	16369.0	19169.0	13722.0	18414.0	13609.0	15777.0	21153.0	18400.0	18429.0	15319.0
alpha_rarefaction_101710_8.txt	101710	8	19636.0	18504.0	16422.0	19348.0	13822.0	18341.0	13658.0	15937.0	20950.0	18319.0	18435.0	15355.0
alpha_rarefaction_101710_9.txt	101710	9	19637.0	18487.0	16286.0	19245.0	13798.0	18412.0	13590.0	15845.0	21059.0	18435.0	18392.0	15300.0