#Base	Mean
1	32.761974747474746
2	34.00416666666667
3	32.45039393939394
4	32.47822222222222
5	33.604808080808084
6	37.96703535353535
7	38.53205555555556
8	38.92030303030303
9	38.3884797979798
10	38.248954545454545
11	38.67205050505051
12	38.83017676767677
13	39.01543434343434
14	38.97994444444444
15	39.07668686868687
16	39.02139393939394
17	39.037025252525254
18	38.82970202020202
19	38.67986868686869
20	38.654065656565656
21	39.09740909090909
22	38.93199494949495
23	38.957439393939396
24	39.16299494949495
25	39.27140404040404
26	38.49117676767677
27	39.00814141414141
28	39.16544444444445
29	38.73656060606061
30	38.49179292929293
31	38.22381818181818
32	38.96979797979798
33	38.982823232323234
34	39.041015151515154
35	39.07510606060606
36	39.157176767676766
37	39.07761111111111
38	38.77503535353535
39	38.62214141414142
40	38.919060606060604
41	38.45073232323232
42	38.95375757575758
43	38.944641414141415
44	38.679722222222225
45	38.60440404040404
46	39.02029797979798
47	38.93266161616162
48	39.05871717171717
49	38.97313131313131
50	38.56075757575758
51	38.510348484848485
52	38.42379292929293
53	38.65310606060606
54	38.909616161616164
55	38.87685353535353
56	38.41765151515151
57	38.79855050505051
58	38.55648484848485
59	38.675858585858585
60	38.863565656565655
61	38.876282828282825
62	38.83387878787879
63	38.73812626262626
64	38.87592424242424
65	38.58878282828283
66	38.65880808080808
67	37.87745454545455
68	38.07223232323232
69	38.1009898989899
70	38.578878787878786
71	38.57430808080808
72	38.15679797979798
73	38.75637878787879
74	38.74764141414141
75	38.63892929292929
76	38.794939393939394
77	38.474636363636364
78	38.26710101010101
79	38.40620707070707
80	38.499656565656565
81	38.69380303030303
82	38.404131313131316
83	38.6374797979798
84	38.88980808080808
85	38.28173737373737
86	38.07205555555556
87	38.226343434343434
88	38.346474747474744
89	38.65078282828283
90	38.62964646464646
91	38.9064797979798
92	38.933025252525255
93	38.399661616161616
94	38.35628282828283
95	37.9619595959596
96	38.51673737373737
97	38.54475252525253
98	38.379333333333335
99	38.69844949494949
100	38.242873737373735
101	37.91579797979798
102	36.12427777777778
103	37.04951515151515
104	37.630449494949495
105	38.420737373737374
106	38.57821212121212
107	38.65091919191919
108	38.537868686868684
109	38.30459595959596
110	38.722848484848484
111	38.662646464646464
112	38.437873737373735
113	38.249368686868685
114	38.12337373737374
115	38.18643434343434
116	38.05741414141414
117	37.903297979797976
118	37.936949494949495
119	37.98980303030303
120	38.05003535353536
121	38.068075757575755
122	37.9834696969697
123	38.02540404040404
124	38.027964646464646
125	37.898267676767674
126	37.96315656565657
127	37.874383838383835
128	37.832439393939396
129	37.931717171717175
130	37.7580101010101
131	37.74329797979798
132	37.81666666666667
133	37.803909090909094
134	37.82989393939394
135	37.753661616161615
136	37.72830303030303
137	37.653429292929296
138	37.780631313131316
139	37.877065656565655
140	37.8960505050505
141	37.866949494949495
142	37.68156060606061
143	37.83392929292929
144	37.72451515151515
145	37.68433838383839
146	37.870570707070705
147	37.76859595959596
148	37.735040404040404
149	37.8779494949495
150	37.77339393939394
151	37.76748484848485
152	37.604
153	37.69171717171717
154	37.81450505050505
155	37.88229292929293
156	37.87930303030303
157	37.8669595959596
158	37.90421717171717
159	37.85245454545455
160	37.807929292929295
161	37.86772727272727
162	37.81363636363636
163	37.83970707070707
164	37.76718686868687
165	37.734833333333334
166	37.48459090909091
167	37.24991919191919
168	37.36732323232323
169	37.460388888888886
170	37.670131313131314
171	37.53088888888889
172	37.357535353535354
173	37.136590909090906
174	37.033722222222224
175	37.32877272727273
176	37.37311616161616
177	37.461030303030306
178	37.10457575757576
179	37.24007575757576
180	37.2195101010101
181	37.270449494949496
182	37.146454545454546
183	37.09210606060606
184	37.155353535353534
185	37.31385858585858
186	36.86456060606061
187	36.615929292929295
188	36.722136363636366
189	36.87731313131313
190	36.86127777777778
191	36.75060101010101
192	36.89518686868687
193	36.93212626262626
194	36.7565
195	36.65928787878788
196	36.680070707070705
197	36.73943939393939
198	36.774550505050506
199	36.8554898989899
200	37.17436868686869
201	37.37220707070707
202	37.49275252525253
203	37.44766666666667
204	37.278429292929296
205	37.41069191919192
206	37.29119696969697
207	37.29983333333333
208	37.42479797979798
209	37.278777777777776
210	37.37288888888889
211	36.852060606060604
212	37.11043434343434
213	36.71018686868687
214	36.900565656565654
215	37.01427777777778
216	37.05581818181818
217	37.329121212121215
218	37.17469191919192
219	37.31890404040404
220	37.272964646464644
221	37.3154494949495
222	37.607853535353534
223	37.715353535353536
224	37.346318181818184
225	37.42864141414142
226	37.528823232323234
227	37.66887878787879
228	37.58971212121212
229	37.33407070707071
230	37.48573737373737
231	37.45578282828283
232	37.60528787878788
233	37.55310606060606
234	37.12571212121212
235	37.18228282828283
236	37.261641414141415
237	37.283262626262626
238	37.12493434343434
239	37.48450505050505
240	37.50020202020202
241	37.63913636363636
242	37.632282828282825
243	37.7529494949495
244	37.83994444444444
245	37.49489393939394
246	37.48022727272727
247	37.58157070707071
248	37.47509090909091
249	37.13088888888889
250	37.093171717171714
251	34.359434343434344
252	34.74677272727273
253	34.59628787878788
254	34.33045454545454
255	34.87737878787879
256	35.31810101010101
257	35.17542424242424
258	34.370954545454545
259	34.00737373737374
260	34.39661111111111
261	34.9510101010101
262	34.94199494949495
263	34.88175252525252
264	35.203287878787876
265	35.10663131313132
266	35.368737373737375
267	35.74160606060606
268	35.41716666666667
269	34.843797979797976
270	34.22499494949495
271	34.82466161616161
272	35.07031818181818
273	35.24637373737374
274	35.41042424242424
275	35.79403535353536
276	36.08470202020202
277	36.17894949494949
278	35.75230808080808
279	35.9475202020202
280	35.94123232323232
281	36.0140303030303
282	35.88263131313131
283	35.43380303030303
284	35.674646464646464
285	36.029045454545454
286	36.26233333333333
287	36.49767171717172
288	36.529848484848486
289	36.69699494949495
290	36.67784848484848
291	36.387772727272726
292	36.4774898989899
293	36.387676767676766
294	36.410111111111114
295	36.42355050505051
296	36.52549494949495
297	36.49933333333333
298	36.70283333333333
299	37.02569191919192
300	36.987449494949495
301	37.218510101010104
302	37.37681818181818
303	36.9965101010101
304	36.92169696969697
305	36.85238383838384
306	36.89940404040404
307	37.08690404040404
308	37.31116161616161
309	37.54069696969697
310	37.6490101010101
311	37.541414141414144
312	37.600848484848484
313	37.60670202020202
314	37.61387878787879
315	37.61326767676768
316	37.44791919191919
317	37.13366161616162
318	37.482535353535354
319	37.70618181818182
320	37.865611111111114
321	37.85763636363637
322	37.790424242424244
323	38.144045454545456
324	37.9929797979798
325	38.159313131313134
326	38.25633838383838
327	38.19498484848485
328	38.096767676767676
329	38.13181818181818
330	38.27221717171717
331	38.32662626262626
332	38.26967171717172
333	38.129611765715985
334	38.38958474328024
335	38.49912120324448
336	38.36464878078345
337	38.27307255233718
338	38.26319484428821
339	38.34468390296627
340	38.18164875348499
341	38.07375550527294
342	38.12836377227363
343	38.166547974402874
344	37.95967473104702
345	37.97067528663064
346	37.582680943481996
347	37.90756603868882
348	37.98387772934586
349	38.22383287791623
350	38.21701644063944
351	38.31420057075031
352	38.30708037013092
353	38.213539614712445
354	38.22976058187696
355	38.18342854545179
356	38.00473284910444
357	38.04739439429833
358	37.946761492496606
359	38.12566169636724
360	38.20688871378349
361	38.157660524508024
362	38.263651058241145
363	38.22140728393191
364	38.19779764610799
365	38.012087690054045
366	38.05463454058696
367	38.04170370969045
368	37.85766675927563
369	37.730799539310176
370	37.724192277383764
371	37.35145784081954
372	37.67722251127736
373	37.82790462719741
374	38.07070365187696
375	38.15030411412868
376	38.08181822774323
377	37.850654205607476
378	37.63120617535918
379	37.49580184294548
380	37.576244556486245
381	37.69634034212042
382	37.765948095120216
383	37.87831420257053
384	37.980099326539786
385	37.94881070266556
386	38.08196290626532
387	38.30810737075041
388	38.38942246967347
389	38.42955013944464
390	38.298992562952186
391	38.26680543836869
392	38.23054187192118
393	38.07729229401184
394	38.15934479570338
395	37.86337041864977
396	37.614988960130155
397	37.55010938928945
398	37.87439620849249
399	38.268136665420336
400	38.33932920359348
401	38.38996427723293
402	38.23605714083589
403	38.19440682420004
404	38.12737453317903
405	38.06085031761834
406	38.06492384196323
407	38.091019816140985
408	38.2099884771666
409	38.332170942244325
410	38.286076729858536
411	38.40305869747602
412	38.55803375130775
413	38.5072197878287
414	38.487273701341365
415	38.438316561961415
416	38.50656538088307
417	38.45281369090339
418	38.26497450127115
419	38.291181658739745
420	38.17328716924865
421	38.43626291421524
422	38.535516612160514
423	38.51709546463365
424	38.61150415100846
425	38.77272197061524
426	38.77025800201857
427	38.73172946212998
428	38.48859728323172
429	38.419396890613505
430	38.390314300787274
431	38.35588302432343
432	38.455920622118065
433	38.22007193186257
434	38.32963353759993
435	38.41753246753247
436	38.5632064941654
437	38.71979399228739
438	38.57988601125677
439	38.61230252032561
440	38.60307300941236
441	38.561504550259095
442	38.54393420981734
443	38.44570247525568
444	38.45127747510802
445	38.56187513451116
446	38.55472594262254
447	38.64480633802817
448	38.47864245253203
449	38.6160575913613
450	38.68595994284711
451	38.58334901813163
452	38.41271674849014
453	38.09929737678955
454	38.40171884124204
455	38.475356011148016
456	38.42214541830091
457	38.381442896210444
458	37.95985382269429
459	38.107778601217724
460	38.441429814820374
461	38.68393918345296
462	38.8385829533497
463	38.57686399830506
464	38.47107540832104
465	38.14471798640456
466	37.91515745209538
467	38.221646516983306
468	38.422196796338675
469	38.66014234875445
470	38.94736842105263
471	38.628571428571426
472	38.564516129032256
473	38.50161812297735
474	38.64548494983278
475	38.71328671328671
476	38.11842105263158
477	37.625
478	37.55263157894737
479	38.375
480	38.34782608695652
481	39.22222222222222
482	38.333333333333336
483	39.42857142857143
484	38.333333333333336
