#Base	Mean
1	27.65885154318161
2	32.15978700299609
3	29.971268954509178
4	30.074418117828685
5	30.31683958499601
6	34.12766736880667
7	29.59987178313032
8	33.202386403778476
9	34.67402823387804
10	34.15321915926367
11	31.552797875263302
12	31.503996964661862
13	35.86074077950624
14	31.572331322857927
15	36.636845341671794
16	31.573037823976556
17	30.83224523438829
18	32.62213965172111
19	35.60087920139207
20	33.20784216241676
21	36.89304358065234
22	31.264676252404065
23	36.27803435688773
24	37.50423246503474
25	38.40258788743082
26	35.39845354755145
27	32.97659387960697
28	35.326939934321565
29	32.096986903562595
30	35.15523399578716
31	36.45858464275902
32	37.23951696256852
33	31.995303075896537
34	31.710164457760392
35	31.649562361807074
36	32.49861970614787
37	33.45038137977052
38	36.08252979733884
39	36.38622061151597
40	38.04390773618725
41	38.217968678450404
42	38.59152460324729
43	33.15146598982115
44	35.77007313594913
45	34.74405034474638
46	37.5378436015857
47	33.31953475593003
48	37.058351759056954
49	38.14177122447111
50	37.53603809872699
51	37.33642536600683
52	36.926602383787106
53	35.50928263969751
54	32.52423691337511
55	32.82147763400626
56	34.93625789907501
57	31.76371462588149
58	35.307511153559325
59	31.75657111457093
60	34.615885808485864
61	37.04419556997632
62	32.22365993746157
63	34.243141051639995
64	31.93555139795638
65	35.15806000026167
66	31.17174518859655
67	35.57135007130428
68	35.39204270406761
69	34.530974840710165
70	34.355500896209755
71	33.26080357960567
72	36.38332919027122
73	37.364633077335704
74	38.02105111666427
75	38.332814360289404
76	33.961534939096985
77	36.8268418091662
78	37.7592532021509
79	36.76180445619039
80	36.78986825062473
81	34.336765533212095
82	35.970405453141964
83	36.2763858542776
84	37.65113236429291
85	35.308767155548
86	36.887156071330445
87	36.158164667094056
88	33.531092590896606
89	35.10123899362841
90	33.50660055211754
91	32.95233734120079
92	32.02735729331572
93	34.81036986641895
94	35.083864299451804
95	37.20620674316068
96	37.06910627608494
97	38.14368139416221
98	38.284366700247276
99	35.603626705742286
100	37.23289678541991
101	28.708725288815042
102	35.91179202700404
103	36.79049625161907
104	37.16184108958173
105	37.367158164667096
106	37.77176088862141
107	34.58532309342823
108	37.36891133410961
109	37.2064553268876
110	37.532204675990734
111	36.53330367773082
112	36.52704983449557
113	36.524720997474915
114	36.61100571742572
115	37.578833749820106
116	37.58423717504219
117	37.82712964295527
118	37.90535501681211
119	36.885245901639344
120	37.27785118993105
121	37.60030353381393
122	37.81235853623435
123	37.93098530739341
124	37.920858791359755
125	38.125011447934796
126	38.1692855180354
127	38.32345976214462
128	38.15658158125417
129	37.96099852158099
130	38.1650334279696
131	37.98821189800217
132	37.8620491149111
133	38.17326285766619
134	38.09489356691481
135	37.639776012978686
136	37.74518859654861
137	37.7906140018055
138	37.432182434288855
139	37.87447830125731
140	37.4355841063415
141	36.296992136904215
142	37.44508262138082
143	37.646082189630135
144	37.782803239438465
145	37.62933549644787
146	37.77444297620138
147	37.32767260214829
148	37.461436813941624
149	37.11493726531734
150	37.45180746536182
151	37.42218675179569
152	37.681210995250744
153	37.448575876911804
154	37.331270524511666
155	37.161278505357636
156	37.41158923501629
157	37.15821700051025
158	36.97285204034906
159	37.063833684403335
160	37.38334227362527
161	37.570120236023705
162	37.23811704368532
163	37.534742846676174
164	37.487368021666036
165	37.17373385841194
166	37.39950021587534
167	37.648463360066984
168	37.56257114073764
169	37.6251488231523
170	37.25999241165465
171	37.46898590922769
172	37.49482553347376
173	37.53552784791909
174	37.50423246503474
175	37.60091845145421
176	37.37677442989285
177	37.4438135360381
178	37.550482121596694
179	37.579226250441565
180	37.66969764368793
181	37.583635340755954
182	37.69027775960645
183	37.57197807229861
184	37.52854133685712
185	37.422304501982126
186	37.40614655973205
187	37.45910797692096
188	37.57166407180145
189	37.52719375139011
190	37.58258867243207
191	37.63598184030458
192	37.72408514646815
193	37.55479962843275
194	37.5812803370272
195	37.657242290633626
196	37.61476064003768
197	37.55460337812202
198	37.499313123912444
199	37.474376251095734
200	37.63332591943271
201	37.12510303141313
202	36.954456844556674
203	36.816649876362305
204	37.01729619405231
205	37.17086860387529
206	37.32465034736305
207	37.14652048199076
208	37.34572763073542
209	37.41947849750762
210	37.34860596862612
211	36.89190532885011
212	36.97607054544503
213	37.32304109481507
214	37.22067693273848
215	37.49711512043228
216	37.49224811272618
217	37.47192966388864
218	37.49748145434564
219	37.39672654481703
220	37.4269229259613
221	37.42433242185967
222	37.00807242944801
223	37.07488911857444
224	37.187039629479415
225	37.19878848141509
226	37.25604123873196
227	37.110358091400315
228	37.003728755903865
229	37.28205094658067
230	37.294571716405216
231	37.347166799680764
232	37.16312325827849
233	37.20041081731713
234	37.342940876323055
235	37.3719205055408
236	37.18388654115369
237	37.20245182054872
238	37.195439142778646
239	36.8754988028731
240	37.05914984365392
241	36.803134771630056
242	37.04604032289718
243	37.01522902411262
244	37.075608703047116
245	37.15993091989062
246	37.10555650046446
247	36.98975573377991
248	37.099080240210384
249	37.16666884722567
250	36.97173995525493
251	34.07177528031086
252	34.31420983083223
253	34.31711433543103
254	34.10491541611608
255	34.54387502780213
256	34.47919092538563
257	34.653683618332394
258	34.729331571441655
259	34.626653408867895
260	34.74267659257127
261	34.683893082830714
262	34.551947457250144
263	34.23233420119582
264	34.39002786754413
265	34.25537398767548
266	34.32895477084505
267	34.566221396517214
268	34.870697211937255
269	35.04168356599898
270	35.18694804600107
271	35.09393574402346
272	34.873760982571916
273	35.116562569561744
274	35.160348823506304
275	35.268203899385895
276	35.02853438793149
277	35.02887486250066
278	34.79440574092504
279	34.74007045296806
280	34.72472859182043
281	34.728591820431895
282	35.06077275703995
283	35.05535161780901
284	34.87025893149787
285	34.84102053124263
286	35.01489367281118
287	34.98969504680494
288	34.900136350525734
289	35.431697499705
290	35.38799003540055
291	35.07682423129876
292	35.14275224545991
293	35.24994427325772
294	35.21656635589998
295	34.82750481885056
296	34.85304800493031
297	34.61156786383961
298	34.953081563073695
299	34.611762391817464
300	34.59097823236297
301	35.018607395751374
302	34.723629687909785
303	34.2439286650931
304	34.05991605456453
305	34.22484850074766
306	34.58714814134684
307	34.34293921666361
308	33.994281067184346
309	33.995356585385046
310	33.993897797958056
311	34.37222761752277
312	34.64370777360078
313	34.62549292812451
314	33.70970922284152
315	33.96702819956616
316	34.19851953320513
317	33.993914486683
318	33.07175130079695
319	32.62138838750477
320	32.80108072487644
321	32.94220018985339
322	33.09173973234887
323	33.1381538177551
324	33.38228158540123
325	33.748186924760674
326	33.53449730984281
327	33.95019334063585
328	34.18743151363126
329	34.266272658760066
330	34.11622577525798
331	33.67753031329269
332	33.78100509599904
333	33.59971105998181
334	33.58010150080061
335	33.60324926375145
336	33.337006557980764
337	33.53338551743491
338	33.17457445275345
339	33.65304017022374
340	33.885975640402755
341	34.13331375969327
342	34.47712455247786
343	34.40738567205703
344	34.02061947493821
345	34.11908908238446
346	33.70386891419349
347	33.73628549570226
348	34.036514316683224
349	33.65046677013598
350	33.68532654792197
351	33.77157578359811
352	33.92842802892872
353	33.549655155606466
354	33.857296729278865
355	33.71139787328312
356	33.693667538589786
357	33.90485218318621
358	34.324394762458
359	33.83421742187001
360	32.882265082148194
361	33.286903786264546
362	33.070165525493586
363	33.00414092502922
364	32.674789603542095
365	34.34400217916851
366	34.4452639486444
367	33.65961459333425
368	32.961329201101925
369	34.424974057419576
370	33.826501944964704
371	33.24570459139474
372	33.17172596380517
373	33.38606210817903
374	33.088456597540834
375	32.713648758198836
376	32.535831789131336
377	32.18410651932005
378	32.64730531952043
379	33.14113834312335
380	33.19258144547932
381	33.332366589327144
382	33.1592149672903
383	34.398965243877
384	33.25472487037966
385	32.728637316561844
386	32.95490994584156
387	32.63322844021092
388	33.02823664155764
389	32.22798933911551
390	32.78777189888301
391	32.334663341645886
392	32.3806919185013
393	32.954247767346004
394	32.46959283310423
395	33.75996521234961
396	33.366852650266296
397	34.03571198349771
398	33.26422527933863
399	32.5362018764154
400	33.50721622675855
401	32.765471028774144
402	33.727140687925
403	32.72708255509899
404	33.05740545427151
405	31.972306067008752
406	31.74293699954676
407	32.78388473852721
408	32.57169945484712
409	34.179329608938545
410	32.77856519843
411	32.5342480911807
412	32.89171611136467
413	33.3008434864105
414	33.310239189348415
415	32.45316755476613
416	31.994051160023794
417	32.650850706925475
418	32.75057374078995
419	32.29155544770687
420	32.06839795171909
421	31.60558892021081
422	32.32853061731462
423	31.801009564293306
424	32.5
425	32.357480740640625
426	32.91164876987903
427	33.215082241427375
428	32.88545021705644
429	33.43133077687828
430	33.171137254901964
431	33.55792297979798
432	33.624015431602636
433	33.114861543503196
434	32.78272628921746
435	32.967637540453076
436	33.164556962025316
437	33.20404197434901
438	33.24421225158779
439	34.44143688337971
440	33.431324456902594
441	33.50113808801214
442	33.89157631359466
443	33.2875157629256
444	34.626689925861314
445	33.2
446	32.88870151770658
447	33.09369676320273
448	33.44354110207769
449	33.371134020618555
450	33.34218009478673
451	33.544761904761906
452	34.466188524590166
453	34.58880516684607
454	34.032715376226825
455	32.08373786407767
456	32.60393603936039
457	33.45073891625616
458	32.8576874205845
459	32.3573264781491
460	31.942708333333332
461	32.06544502617801
462	32.496062992125985
463	32.613756613756614
464	33.18375499334221
465	33.7620320855615
466	34.172804532577906
467	33.71
468	33.40201729106628
469	34.09833585476551
470	34.972477064220186
471	35.00476947535771
472	33.63651591289782
473	33.6013986013986
474	33.98521256931608
475	34.035714285714285
476	34.33269598470363
477	34.04158004158004
478	34.971175166297115
479	34.812056737588655
480	34.62085308056872
481	34.52356020942408
482	34.825301204819276
483	36.990566037735846
484	37.333333333333336
