#Length	Count
384	1
398	2
443	14982
407	1
358	1
445	2845
366	2
376	1
437	43
463	372
368	1
424	4
458	7255
400	1
451	52
454	195
395	3
343	1
468	312
347	3
441	45473
475	67
413	1
434	8
397	1
349	2
378	4
374	1
442	27030
429	9
431	2
382	3
337	1
432	2
409	5
459	2179
371	1
435	20
401	16
427	2
333	1
339	1
418	4
471	5
465	12576
361	6
404	2
385	1
446	15313
420	1
352	2
388	1
355	1
479	1
426	21
367	3
448	2254
483	4
335	2
372	3
391	2
428	1
455	1326
460	1853
336	1
453	785
457	718
433	3
383	3
351	1
410	1
440	2605
377	2
430	1
447	1798
379	2
462	381
414	1
477	2
423	620
415	1
452	84
342	1
480	5
394	1
438	118
467	4337
474	156
481	6
419	4
444	4238
422	36
476	36
406	9
417	1
396	2
482	5
393	1
449	226
405	1
470	8
469	239
402	13
353	2
375	1
416	2
338	1
403	3
466	36643
484	3
381	3
421	7
392	1
450	91
373	7
387	2
464	1837
354	1
461	7765
473	10
436	20
390	1
332	1
425	8
456	463
472	1
356	1
439	369
411	3
478	14
