#Length	Count
391	1
384	1
398	6
428	4
443	7530
455	1210
407	3
460	5776
445	1634
457	1571
453	358
366	2
433	4
351	1
437	37
440	1792
463	1061
424	11
458	7393
400	3
451	202
377	1
430	3
454	195
447	660
395	2
379	2
414	2
462	1878
477	149
415	1
423	939
468	1603
452	314
347	1
394	2
480	3
475	14
441	27259
438	64
397	3
413	3
360	1
434	52
467	18951
481	6
474	146
419	1
444	2114
378	1
422	19
476	251
374	5
442	13174
406	1
417	5
429	10
396	4
431	2
482	9
382	2
337	1
432	3
409	4
459	1114
405	1
449	375
371	1
470	14
435	73
469	78
401	3
402	3
427	3
353	1
416	2
380	1
403	1
466	54747
339	1
484	7
381	1
471	3
465	19721
361	3
421	1
345	1
392	1
450	511
404	2
373	4
412	1
446	8967
464	4044
354	4
352	1
461	7256
399	6
364	1
388	1
355	2
473	4
479	5
426	17
436	57
425	4
472	2
456	1834
448	449
408	2
439	191
362	1
483	18
335	1
411	1
478	426
