#Length	Count
391	2
398	7
428	7
443	9968
455	777
336	1
407	1
460	1597
445	1666
453	459
457	1300
383	1
433	2
351	1
410	1
334	1
437	36
440	2504
463	791
424	5
368	3
458	8206
451	49
430	1
454	127
447	1082
395	2
379	4
462	443
477	3
423	489
468	249
342	1
452	41
347	2
480	6
475	34
441	42835
438	113
413	1
360	1
397	1
434	6
467	3500
349	1
474	208
419	1
444	3245
422	22
350	2
476	42
374	2
442	19005
417	5
406	8
482	5
382	1
393	1
409	4
459	1964
405	2
449	111
371	1
470	7
469	146
435	16
427	1
401	6
402	4
375	1
416	1
380	1
403	2
333	1
466	33657
339	1
418	3
484	2
471	2
381	4
361	8
465	9809
421	6
392	1
450	93
404	6
373	1
387	1
412	2
446	8894
420	3
464	1285
354	3
461	10144
399	1
473	11
355	5
479	2
426	16
436	17
390	2
425	6
472	3
408	2
356	1
456	400
448	963
439	322
483	6
411	1
357	1
478	14
