CK1	CK2	CK3	JXBR161	JXBR162	JXBR163	R37J161	R37J162	R37J163	RW371	RW372	RW373
Micromonosporaceae	0.00962493240918	0.0100991518489	0.0107989334001	0.00215020436627	0.00129417507691	0.00367339280044	0.0118854089695	0.0108195327864	0.0147952200058	0.0140656293329	0.0110208237666	0.0164144572286
Pseudonocardiaceae	0.00317553949762	0.00277219180776	0.00993095251128	0.00199523468222	0.00571593992303	0.00949019947461	0.00701983743534	0.00348645397377	0.00535980683164	0.00735377188928	0.00411949873886	0.00290145072536
Cytophagaceae	0.0219043405594	0.0112917652582	0.00994659180657	0.0144638371785	0.0244701261253	0.0164184059352	0.0067299494117	0.00636061747693	0.00930468617831	0.00150464746059	0.00511110667439	0.0043771885943
Roseiflexaceae	0.00445362040997	0.00657206112778	0.0098840346254	0.0036224163648	0.00443879346555	0.00921595796888	0.00783266071733	0.00735468906449	0.00732071177004	0.00502233862271	0.00552372205695	0.00729739869935
Thermotogaceae	0.00633141621196	0.00387599358019	0.00312785905867	0.0048298884864	0.00480207068012	0.0151121503421	0.00819075768772	0.00522247754335	0.00258378062472	0.00282955887639	0.0040928783916	0.00359554777389
Chitinophagaceae	0.0385685493782	0.032130781479	0.0466832964507	0.0362758202093	0.0280177551739	0.0283118270258	0.0357414880919	0.0347853021473	0.0319742852309	0.0589226107944	0.055762972428	0.0574474737369
Xanthobacteraceae	0.00919235117731	0.0103592430711	0.00968072378659	0.00264739876928	0.00357601008094	0.00329089806876	0.00777581992838	0.00759240183543	0.00879715784131	0.00761053766754	0.0105682778632	0.0101675837919
HSB_OF53-F07	0.0131249078307	0.0106827711768	0.0122221092718	0.0	0.0	7.21688172974e-06	0.0150400727562	0.017100912673	0.00892019501392	0.011631489755	0.00730728532354	0.00902951475738
Intrasporangiaceae	0.00140588900359	0.00455476823335	0.00571616242972	0.000865247402644	0.000681144777322	0.00119078548541	0.00621269823225	0.00363772573709	0.00436012980422	0.0093103271196	0.00270862033395	0.00568409204602
Hyphomicrobiaceae	0.00300840583985	0.00392674308697	0.00421479008156	0.00526896925789	0.00707822947768	0.0129759533501	0.00520093218894	0.0043004401288	0.00634410421249	0.00327633133056	0.00666839698924	0.00493371685843
Acidobacteriaceae_(Subgroup 1)	0.0698618689476	0.0549807469059	0.0361502310706	0.000774848420278	0.000777640287443	0.000663953119136	0.0450576934008	0.0467717885365	0.0386567416681	0.0462024341396	0.0288165259116	0.0536268134067
Rhizobiales_Incertae Sedis	0.0120041291845	0.0105685847866	0.0141301032975	0.00413898197832	0.0036895342105	0.00444559914552	0.0126016029102	0.014399631185	0.0141338952031	0.00929492117291	0.0146079155603	0.0103176588294
Xanthomonadaceae	0.00992970554982	0.00806282788939	0.0108536709336	0.0218765537325	0.0286988999512	0.0222640801363	0.0101062922753	0.0222081355395	0.0238615216622	0.0186514661326	0.0266469676097	0.0189032016008
Micrococcaceae	0.00532861426535	0.0185489447274	0.021511850676	0.0300318333559	0.0203832574614	0.042031119194	0.0327857670664	0.0234903438191	0.0193322157457	0.0330046731372	0.0190002728586	0.0309217108554
Gemmatimonadaceae	0.0236838224451	0.0265927415518	0.0269386861428	0.0505136599319	0.0474020002952	0.0474798649	0.0437503552549	0.0437967771911	0.0469386813491	0.061844605351	0.0654927093524	0.0595235117559
Anaerolineaceae	0.0282652509463	0.0358545265388	0.0293314983227	0.0149481174412	0.0167050756638	0.0241043849773	0.0190359802194	0.013729713376	0.0206010365882	0.00472449031993	0.00931046645503	0.0167396198099
Burkholderiaceae	0.00960526962592	0.0147173569657	0.0201277730425	0.000839419121968	0.000936574068818	0.000447446667244	0.0245211163531	0.0234615301499	0.0306823949186	0.0339238946233	0.0284970817444	0.010180090045
Pseudomonadaceae	0.00157302266136	0.0018650443741	0.000742866526434	0.0272036366219	0.0762711864407	0.00282901763806	0.00173932814187	0.000655510974406	0.00144568677812	0.000251630462692	0.000692129028823	0.00081915957979
Flavobacteriaceae	0.0331219584132	0.00272778598933	0.000461359211154	0.00207917659441	0.00114659370849	0.000137120752865	0.00010231342011	0.000180085432529	2.30694698636e-05	0.0	0.000259548385809	0.000625312656328
Rhodospirillaceae	0.00468957380917	0.00537944771849	0.0110569817724	0.0056628505382	0.00641411331979	0.00490026269449	0.00525777297789	0.00342162321805	0.0141031359099	0.00276279977405	0.00709432254544	0.00405827913957
0319-6A21	0.00222189450917	0.00215685403807	0.00150137234816	0.0159683345279	0.0107337064493	0.00971392280823	0.00201784800773	0.00156314155435	0.00159948324388	0.00152005340728	0.00132436227631	0.00183216608304
Nitrosomonadaceae	0.046728604434	0.0477870043201	0.0360094774129	0.038096713997	0.0498427690806	0.0345039115499	0.0346558290229	0.023151783206	0.0348579689639	0.0210137112926	0.0254956375906	0.0312156078039
o__SubsectionIII;f__FamilyI	0.00178931327729	0.00669893489473	0.00927410210896	0.000264739876928	0.000437067898782	0.000267024624	0.00107429091116	0.0074051129856	0.00196859476169	0.00770297334771	0.00163715135664	0.00113181590795
o__Subgroup 3;f__Unknown Family	0.0475544413312	0.0422806828346	0.0323811609049	0.00699300699301	0.0048077468866	0.00793856990272	0.0190757687717	0.0141475115795	0.0146414235401	0.0126328762902	0.0138425805765	0.0140445222611
Oxalobacteraceae	0.00612495698766	0.0107525517486	0.0144428892034	0.0118487237601	0.00713499154245	0.00986547732456	0.0444267606434	0.0433141482319	0.0323203272789	0.040363580342	0.0466987441851	0.0611743371686
Nitrospiraceae	0.00360812072949	0.00586156803289	0.00251010689458	0.0166398698255	0.0123116918501	0.00697872463266	0.00454726311601	0.00442289822292	0.00478307008505	0.00438042417707	0.00503790071941	0.00306403201601
Haliangiaceae	0.00653787543627	0.00769489396525	0.0067014380332	0.00667661055473	0.00950196964365	0.00763546087007	0.00641164099358	0.00552502107	0.00697466972209	0.00504801520053	0.00847192551627	0.00854177088544
Comamonadaceae	0.0107358796638	0.0107715828137	0.00958688801483	0.0193582963666	0.0322067955544	0.0256054963771	0.0174614903655	0.013657679203	0.0183709878347	0.0144764545781	0.0234991115459	0.0227113556778
Bradyrhizobiaceae	0.00954628127611	0.00994055964019	0.0171015694033	0.00244722959404	0.00379738213357	0.0040775381773	0.0112772125277	0.00876655885552	0.0113040402332	0.0102654958147	0.0139956475732	0.00928589294647
Streptomycetaceae	0.00581035245539	0.00563953894073	0.0135279904288	0.00218894678728	0.00231021603642	0.0020135100026	0.00689478769965	0.00337840271425	0.00648252103167	0.00659888050121	0.00452545903461	0.00297023511756
RB41	0.00286093496534	0.00320356261538	0.00337808778336	0.0314717600036	0.0158082350404	0.0338471753125	0.0043369521969	0.00441569480562	0.00428323157134	0.00292199455657	0.0023891761668	0.0111743371686
o__Subgroup 4;f__Unknown Family	0.00231037703387	0.00205535502452	0.0035344807363	0.0234972783449	0.0123741301214	0.0235342513207	0.00383675325414	0.00593561585616	0.00558281170699	0.00280901761413	0.00549710170969	0.00882316158079
Sphingomonadaceae	0.0171459470088	0.01896128447	0.0366115902817	0.0370894110506	0.0256734818986	0.0193773274444	0.0538793838458	0.0550197013463	0.0755371341567	0.0961998664818	0.102914262517	0.0698849424712
Coxiellaceae	0.00429631814383	0.0053667603418	0.00444937951096	0.00605027474834	0.0100695902914	0.00303109032649	0.00443358153811	0.0073835027337	0.00847418526322	0.00380526883377	0.00622250617259	0.00618434217109
Solimonadaceae	0.0104704320897	0.010923831334	0.00569270348678	0.00326082043534	0.0055456537287	0.00110418290465	0.00464389245723	0.00395467609834	0.0034219713631	0.000996251219637	0.00212297269418	0.00136943471736
