CK1	CK2	CK3	JXBR161	JXBR162	JXBR163	R37J161	R37J162	R37J163	RW371	RW372	RW373
S085	0.00260531878287	0.00392039939862	0.00282289280045	0.0191581271914	0.00852566212949	0.0132862792645	0.00163701472176	0.00160636205816	0.00183017794251	0.00119652852668	0.0012777766686	0.00220110055028
Deltaproteobacteria	0.0310377033869	0.036260522593	0.027642454431	0.0327760881778	0.0396596546596	0.0305129759533	0.0278121980333	0.0185992234716	0.0305285984528	0.0225799825399	0.0328162330878	0.0310530265133
OPB35_soil group	0.00344098707172	0.00275950443107	0.00208002627402	0.00733523171196	0.0136285717529	0.00572298721169	0.00137554709259	0.00170000648308	0.00138416819181	0.00101165716633	0.000752024810164	0.00116308154077
JG37-AG-4	0.0824853758049	0.0663676674892	0.0513125278575	6.45707016898e-06	5.67620647769e-06	4.33012903785e-05	0.0723583243335	0.101229623333	0.0443856600175	0.0562317054383	0.0493873992586	0.0461293146573
Gitt-GS-136	0.000530895148208	0.000456745561004	0.000664670049968	0.00964040576229	0.00488721377729	0.00690655581536	0.000460410390496	0.00036737428236	0.000261453991787	0.000364607405125	0.000252893298993	0.000231365682841
Ktedonobacteria	0.0404660079634	0.0307224826659	0.0387932719752	0.00171758066495	0.00173691918217	0.00197020871222	0.047592792588	0.0464116176714	0.0318743175282	0.0461818928773	0.0304936077891	0.0356490745373
Sphingobacteriia	0.049196283734	0.0394704288968	0.0537835365138	0.0442955013592	0.0432299885341	0.0413527323114	0.0400045472631	0.0389200636782	0.04057919749	0.0680069840292	0.0639487292112	0.0652513756878
Actinobacteria	0.0409969031116	0.0624345807139	0.091536795352	0.0468137587251	0.0434456843802	0.0753875465489	0.0908656852157	0.062784985197	0.0731379092908	0.0960971601705	0.0604215331989	0.0743059029515
Bacilli	0.00192695276016	0.00343827908423	0.00369087368923	0.00317687852314	0.00198099606071	0.00223001645449	0.00395043483204	0.0037025564928	0.00522907983575	0.00453961895959	0.00409953347841	0.00186343171586
Thermomicrobia	0.0019662783267	0.00152248520335	0.00426170796744	0.00856853211424	0.00880379624689	0.00833549839785	0.00285909168419	0.00272289173984	0.00391412005352	0.00441123607046	0.00278848137574	0.00265757878939
KD4-96	0.00598731750479	0.00852591713874	0.00553631053385	0.0200298316642	0.0143040403238	0.0329234144511	0.0096970385949	0.0116119086895	0.00876639854816	0.00278847635187	0.00454542429506	0.0115182591296
Alphaproteobacteria	0.0927395172787	0.0950728572607	0.127733944308	0.0828377531979	0.0874306083758	0.0847117577437	0.126328653442	0.127183535869	0.170029682718	0.156509012479	0.19066158218	0.136011755878
Chlorobia	0.00131740647889	0.00303228303	0.000953997012895	0.00225997455914	0.00329787596354	0.00700037527785	0.00201216392884	0.00162076889276	0.00173790006306	0.00155600061624	0.00134432753675	0.0012943971986
Thermoleophilia	0.0226416949319	0.0255143145328	0.0463939694877	0.0154323977039	0.0182376514128	0.017277214861	0.0305121355084	0.0312916447563	0.0300825887021	0.0330714322395	0.0291958658601	0.0253939469735
Betaproteobacteria	0.0911370004424	0.1009851748	0.088659165018	0.0927041564161	0.116538195193	0.0823590542998	0.128977434207	0.113871620697	0.125966995278	0.118831202177	0.134818748711	0.137625062531
TK10	0.0170378017008	0.0157006286595	0.0156392952934	0.00674763832659	0.00931465482988	0.00625703645969	0.0123401352811	0.0132470844168	0.00920471847557	0.0111179581985	0.0100558361784	0.0114182091046
ML635J-21	0.000973307771715	0.00119895709764	0.00156392952934	0.000652164087067	0.000499506170036	0.00128460494789	0.00236457682033	0.003061452353	0.00564433029329	0.00310173060135	0.00146411909943	0.00165082541271
Cytophagia	0.0221107997837	0.01136154583	0.00996223110187	0.0145413220205	0.024560945429	0.0166709967957	0.00675836980617	0.00639663456344	0.00935851494133	0.00155600061624	0.00594299252634	0.00439594797399
Gammaproteobacteria	0.0429140244802	0.0495315186156	0.0342031388066	0.0786923141494	0.145015723092	0.0359833723045	0.0302904564315	0.0434798268298	0.0521677611848	0.0316335438813	0.051104411657	0.0369684842421
MB-A2-108	0.00885808386177	0.0161700615972	0.00832792474371	0.0113450722869	0.0122492535788	0.0221702606738	0.00430853180242	0.00271568832254	0.00189169652881	0.00279361166744	0.00115798510592	0.00194472236118
Nitrospira	0.00644939291157	0.00860838508726	0.00401929889039	0.0326534038445	0.0231645986354	0.0169235876562	0.00658784743932	0.00601485344647	0.00639024315221	0.00591074821548	0.00636891808254	0.00490870435218
Chloroplast	0.0024086909502	0.00372374505985	0.00163430635816	0.000619878736222	0.000732230635622	0.000418579140325	0.00212584550674	0.0136288655338	0.00376032358776	0.00503260925384	0.0023026600382	0.00195722861431
Cyanobacteria	0.00258565599961	0.0101118392256	0.0094148557666	0.000361595929463	0.000459772724693	0.000425796022055	0.00111976354232	0.00781570777177	0.00206856246443	0.00772351460997	0.00177690817977	0.00121310655328
Acidimicrobiia	0.0281865998132	0.0344842898558	0.0436179945732	0.0165430137729	0.023919534097	0.0360555411218	0.0230432558404	0.0192835481152	0.0238384521924	0.018918502542	0.0171634688975	0.0169084542271
Thermotogae	0.00633141621196	0.00387599358019	0.00312785905867	0.0048298884864	0.00480207068012	0.0151121503421	0.00819075768772	0.00522247754335	0.00258378062472	0.00282955887639	0.0040928783916	0.00359554777389
Anaerolineae	0.0282652509463	0.0358545265388	0.0293314983227	0.0149481174412	0.0167050756638	0.0241043849773	0.0190359802194	0.013729713376	0.0206010365882	0.00472449031993	0.00931046645503	0.0167396198099
Chthonomonadetes	0.00897606056137	0.00902072482983	0.00855469452546	0.0103313122704	0.00950764585013	0.00541266129731	0.00842948900131	0.0049127305994	0.0044985466234	0.00557695270374	0.00565682379327	0.00547148574287
Holophagae	0.0174998771076	0.0195131853562	0.0300039880203	0.0198554907696	0.0216376990929	0.0189443145406	0.02577161371	0.0154009061899	0.0228080158718	0.0196066348277	0.0167907840358	0.0210417708854
Gemmatimonadetes	0.0238509561028	0.0267703648255	0.0273453078204	0.0536130536131	0.0529419778174	0.0494067723218	0.0438299323595	0.0439480489544	0.0475461773888	0.0620756945514	0.0657988433459	0.0599237118559
Chloroflexia	0.00496485277491	0.0108603944505	0.0146618393375	0.00485571676707	0.00649358021047	0.0121893132415	0.00859432728926	0.00791655561398	0.00811276356869	0.00564371180609	0.00618923073851	0.00774762381191
TakashiAC-B11	4.91569581674e-05	2.53747533891e-05	5.47375335267e-05	0.00337059062821	0.00753232599589	0.0146286192662	8.52611834252e-05	6.48307557105e-05	2.30694698636e-05	8.73003646074e-05	6.65508681561e-05	3.12656328164e-05
Flavobacteriia	0.0332006095463	0.00274681705437	0.000492637801741	0.0027055124008	0.0020093770931	0.000945411506596	0.000130733814585	0.000216102519035	9.99677027422e-05	2.05412622606e-05	0.0043058411697	0.000706603301651
Acidobacteria	0.168431401465	0.152622797947	0.106980599454	0.212579664103	0.137687740529	0.159918882249	0.106667424544	0.102101236827	0.0940234693407	0.0842397165306	0.0721544512548	0.131722111056
Phycisphaerae	0.0019367841518	0.00241694526031	0.00166558494874	0.00399046936443	0.00531860546959	0.0120016743166	0.00142101972375	0.00146229371214	0.00129189031236	0.00180249576336	0.00108477915094	0.00176338169085
South_African Gold Mine Gp 1(SAGMCG-1)	0.00988054859165	0.0106700838001	0.00134497939523	0.0	0.0	0.0	0.000483146706076	0.00284534983396	0.00111502437674	0.000308118933908	0.0017502878325	0.000218859429715
