#Base	Mean
1	27.692717362834728
2	32.20949898349901
3	30.076730234356486
4	30.13861830699577
5	30.305548972897466
6	34.19086521072128
7	29.994599448719708
8	33.435374234506156
9	34.77045786198037
10	34.28660338999963
11	31.657146064332665
12	31.582748169674595
13	35.91127131222171
14	31.647554785038103
15	36.671614053905735
16	31.85490851491076
17	30.821819224964766
18	32.647679509086146
19	35.726979058832335
20	33.272010676378514
21	36.992129912568444
22	30.684173765543733
23	36.096711026853086
24	37.50309939259389
25	38.37273781757861
26	35.49480524339898
27	33.03028299886501
28	35.435224565648504
29	32.076617982713245
30	35.118625042094365
31	36.49016550881176
32	37.1241378450179
33	32.12911433453484
34	32.137707821445055
35	31.83128578021128
36	32.454756351572144
37	33.54429574566272
38	36.15143993913466
39	36.28857402995872
40	38.02357284508026
41	38.24666674981603
42	38.63863701560298
43	33.36147523604026
44	35.86645796175961
45	34.82473776768899
46	37.638836574079846
47	33.44814597702583
48	37.15681554560535
49	38.26652281826459
50	37.58688900806965
51	37.45616573331504
52	37.016688077628245
53	35.674956658393306
54	32.6683837010614
55	33.00910485550719
56	35.11596841987104
57	31.926013694700476
58	35.412225451189244
59	31.882759394838917
60	34.84034074609926
61	37.253726130935306
62	32.54008007283885
63	34.42827743617247
64	32.11656709530165
65	35.31013881786547
66	31.612407548299387
67	35.720755328834954
68	35.520311311223914
69	34.588323334622146
70	34.39052346682964
71	33.22379235940482
72	36.37061750876187
73	37.42678074759594
74	38.1035957943051
75	38.408982625940105
76	34.177045786198036
77	36.99385110443144
78	37.930516232834854
79	37.04602317372812
80	36.73196802075408
81	34.20620626863065
82	35.97287251955049
83	36.32671464385048
84	37.77049527919478
85	35.41881088092595
86	37.07842648140988
87	36.31803385010664
88	33.70101151202964
89	35.11877471095202
90	33.78669693303566
91	33.30145802412163
92	32.38900183344351
93	34.69239308030981
94	35.11170285742794
95	37.16458585379847
96	37.11378574903027
97	38.323122591266824
98	38.492423014081346
99	35.77774174638612
100	37.39803185452187
101	28.96156004839293
102	36.09232074036195
103	36.86554747620889
104	37.17848011275054
105	37.476632949599015
106	37.825473639572444
107	34.35313119722614
108	37.26632325978772
109	36.96152263117852
110	37.612856554872344
111	36.47892787208302
112	36.47592202252516
113	36.46000723399479
114	36.66461703481048
115	37.77933821420108
116	37.584768699252905
117	37.8607206555496
118	37.87651072003193
119	36.401673796724744
120	37.11270064981229
121	37.36249797323422
122	37.82789328610449
123	37.91265574915499
124	37.93833643064719
125	38.12105716103122
126	38.12284071491824
127	38.342878880476945
128	38.14375693777517
129	37.99867792509074
130	37.954637863726504
131	37.861169662122556
132	37.88540354465744
133	38.25032116442371
134	38.18746024420969
135	37.63111615550594
136	37.89645409531412
137	37.6700924205196
138	37.22612469910323
139	37.631340658792425
140	36.854447035933
141	35.951706848597475
142	37.404105915661596
143	37.713234468737916
144	37.75796051236639
145	37.55790313930429
146	37.44963019319755
147	36.93654040435536
148	37.18741035459047
149	36.58127642590768
150	37.34820459732841
151	37.01688763610512
152	37.613991543709545
153	37.5993239956596
154	37.30470084937077
155	37.242625690659416
156	37.641742644399265
157	37.20807712935131
158	36.82400189580553
159	37.26894246479664
160	37.41578008655849
161	37.712872768998594
162	37.29554610424436
163	37.61069882884119
164	37.75020267657807
165	37.32005437968495
166	37.744565149606494
167	37.82938997468102
168	37.79653766042631
169	37.797622759644284
170	37.41963405964304
171	37.466318270825795
172	37.61087344250845
173	37.58748768350026
174	37.366713646058095
175	37.5122790825299
176	37.53450490789129
177	37.3324893672749
178	37.51307731643738
179	37.509747184354616
180	37.78180775035234
181	37.76081669306659
182	37.890143058483105
183	37.530488793544286
184	37.50590568367487
185	37.33135437843771
186	37.607668034473726
187	37.52037367324794
188	37.51185502076655
189	37.473502375993114
190	37.654476969704525
191	37.54119011686643
192	37.74222033750328
193	37.481123015328585
194	37.46130436409444
195	37.57698591865498
196	37.51178018633773
197	37.41584244858251
198	37.57684872220213
199	37.52668471007895
200	37.75253501627649
201	37.30828042954962
202	37.16336355812764
203	36.96590044526485
204	37.34826695935243
205	37.26079798445939
206	37.46055601980618
207	37.4977237861232
208	37.305486610873444
209	37.31091210696334
210	37.40990558389563
211	37.10511742769123
212	37.0156902852439
213	37.285206480661536
214	36.8264839043616
215	37.59250159023161
216	37.51920126719633
217	37.63603028299887
218	37.450029310151294
219	37.3553138680669
220	37.07860109507714
221	37.3330381530863
222	36.99674470234606
223	36.95324095438841
224	37.25726829389975
225	37.08009778365366
226	37.15293662771119
227	37.06258652730833
228	36.51831572645522
229	37.28788804769447
230	37.217456377764194
231	37.46393604150816
232	37.16814048916772
233	37.409032515559325
234	37.362123801090085
235	37.32465669705776
236	37.1295633411078
237	37.06360926450229
238	36.85822617458872
239	36.934457512753035
240	37.07006997019095
241	36.719794953665016
242	37.06085286304052
243	36.9637676640433
244	37.06210010352096
245	37.15447073350213
246	37.01612681941205
247	36.71120146675481
248	36.873779263379774
249	37.13440263417189
250	37.043628472005686
251	34.29860184342143
252	34.38780448258229
253	34.807862603988674
254	34.7514249722489
255	34.949474288137495
256	34.81782805542737
257	35.09876897364581
258	34.94212804170772
259	34.484752485126656
260	34.728089102859926
261	35.23067712685683
262	34.667959639298054
263	34.55897576611746
264	34.75935742170448
265	34.33737854995822
266	34.19710141312346
267	34.350786385122916
268	35.02982151988725
269	35.04460131958043
270	35.07280142684311
271	35.634895294161666
272	35.51481098070519
273	35.51528493208776
274	35.69175698766479
275	35.35778340421817
276	35.442246529553366
277	34.8624418474126
278	35.05325716851466
279	35.48039961584993
280	35.322237050525715
281	35.259438492335704
282	35.26239445227434
283	35.233034411364855
284	34.45367125235417
285	34.057086196789605
286	34.626339224465866
287	34.1175773600908
288	34.00389139029896
289	35.39506342217843
290	35.34615912294049
291	35.11085473390124
292	35.5376728987116
293	35.08713221996333
294	35.33890018334435
295	34.469997630243085
296	34.75505444204697
297	34.68165433977325
298	34.770108634645844
299	35.082055951207956
300	33.60562256008581
301	35.08144581919777
302	34.80809718619038
303	34.010290375692264
304	33.64655548764516
305	34.79546219954847
306	34.23308927168178
307	34.361315188783976
308	33.621179992515906
309	33.53037295746539
310	33.9284520185638
311	34.033723425491566
312	35.25031192294256
313	34.8246406468357
314	34.53766392573275
315	33.50434847709719
316	34.927017955404715
317	34.33419433733887
318	33.21897500530342
319	32.40995680723042
320	33.16391354833876
321	33.084617305531275
322	32.62048944936946
323	32.60531901610688
324	32.17248095892121
325	32.33489835672544
326	32.255950448312895
327	33.218023510012365
328	33.15245510329055
329	33.50311382337493
330	34.541544122248226
331	34.003083131760015
332	33.16750925170921
333	33.46744447674786
334	33.00581373208596
335	33.44944136220694
336	32.38403977110898
337	32.774210637847
338	32.390263258716
339	32.303709715134595
340	32.86687725631769
341	32.45628981960878
342	33.41980360065467
343	32.35208823077092
344	32.84092284926347
345	33.8285997879492
346	33.43189992535119
347	33.19938685136823
348	34.29307094579061
349	33.580394571678944
350	33.351180347513484
351	33.336269212740234
352	33.00880493678507
353	33.2094399757171
354	32.489712701881565
355	33.22024612504474
356	32.3668476674257
357	33.008343914384184
358	33.32204009951705
359	33.00935453695042
360	33.934818715819326
361	32.975312779267206
362	33.78581616933874
363	34.08297794565615
364	33.445062071521214
365	33.49429351197122
366	33.550552726369396
367	33.7183775351014
368	33.495065367854394
369	33.54018981212474
370	33.2962962962963
371	33.19158419086321
372	32.837144003208984
373	33.23740231743465
374	33.384954252795666
375	33.625128884960965
376	34.14252549539839
377	34.28941342258235
378	33.540099803956515
379	33.3844049247606
380	32.85623444843793
381	34.18822522351151
382	33.63522617901829
383	33.936993259744064
384	33.21532773780975
385	33.244611528822055
386	33.94718841162861
387	33.096836341512876
388	33.60407955124936
389	33.78708080126041
390	33.42457057505601
391	33.174460655942134
392	33.855572213893055
393	33.12965779467681
394	32.79754363283775
395	33.18092147955873
396	32.30849521600464
397	32.0619096061619
398	33.030977312390924
399	34.65814226925338
400	34.193112661422
401	33.60920564216778
402	33.04423451791873
403	34.474150886684704
404	33.57446153846154
405	32.659521590556075
406	31.73056592039801
407	32.67227414330218
408	32.46040397563321
409	33.02271262886598
410	32.490817186183655
411	31.828793774319067
412	32.27786554326838
413	32.88
414	32.96098126327989
415	32.20956808057331
416	33.067985893416925
417	34.22503433392191
418	33.252289924332935
419	31.75235047009402
420	32.94371859296482
421	32.53692895954921
422	33.035699714402284
423	31.962940212940214
424	32.90929612148574
425	32.09062821833162
426	32.878456458935204
427	33.653471502590676
428	32.90751565762004
429	33.927754237288134
430	33.74804221995233
431	33.125258799171846
432	33.03442280945758
433	32.688311688311686
434	33.17488305145736
435	33.36857455340868
436	33.410214835832996
437	33.56182572614108
438	33.20409070698088
439	33.99751243781095
440	34.084779706275036
441	33.55829903978052
442	34.24525650035137
443	33.9160554197229
444	33.279697624190064
445	33.02205882352941
446	32.59765625
447	34.15629139072848
448	32.898148148148145
449	33.347551342812004
450	33.19444444444444
451	33.98202614379085
452	33.92333333333333
453	32.98151260504201
454	33.5476603119584
455	33.814360770577935
456	33.84507042253521
457	33.36524822695036
458	32.669039145907476
459	32.597495527728086
460	32.52823315118397
461	32.4014598540146
462	32.89233576642336
463	33.109689213893965
464	33.32962962962963
465	34.57355679702049
466	33.73446327683616
467	33.8292220113852
468	35.04457364341085
469	33.890946502057616
470	34.612836438923395
471	33.8728813559322
472	35.19340659340659
473	34.711711711711715
474	33.652370203160274
475	34.8421052631579
476	33.80875576036866
477	35.054117647058824
478	34.48616600790514
479	33.45528455284553
480	34.702586206896555
481	33.05833333333333
482	35.42056074766355
483	34.36734693877551
484	38.08695652173913
