	sequences per sample	iteration	CK1	CK2	CK3	JXBR161	JXBR162	JXBR163	RW371	RW372	RW373	R37J161	R37J162	R37J163
alpha_rarefaction_10_0.txt	10	0	23.0	16.0	12.0	23.0	16.0	11.0	13.0	23.0	23.0	23.0	23.0	4.0
alpha_rarefaction_10_1.txt	10	1	55.0	12.0	23.0	29.0	16.0	11.0	13.0	23.0	13.0	55.0	29.0	11.0
alpha_rarefaction_10_2.txt	10	2	55.0	9.0	23.0	22.0	22.0	4.0	23.0	55.0	12.0	29.0	55.0	11.0
alpha_rarefaction_10_3.txt	10	3	23.0	22.0	16.0	29.0	29.0	7.0	29.0	55.0	13.0	55.0	23.0	29.0
alpha_rarefaction_10_4.txt	10	4	55.0	22.0	13.0	29.0	9.0	4.0	9.0	55.0	13.0	29.0	12.0	16.0
alpha_rarefaction_10_5.txt	10	5	55.0	22.0	29.0	29.0	22.0	16.0	23.0	55.0	13.0	55.0	13.0	7.0
alpha_rarefaction_10_6.txt	10	6	55.0	29.0	29.0	9.0	55.0	11.0	23.0	55.0	7.0	13.0	55.0	16.0
alpha_rarefaction_10_7.txt	10	7	55.0	11.0	12.0	22.0	23.0	16.0	55.0	55.0	13.0	55.0	55.0	23.0
alpha_rarefaction_10_8.txt	10	8	23.0	11.0	23.0	16.0	6.5	16.0	55.0	55.0	55.0	23.0	55.0	16.0
alpha_rarefaction_10_9.txt	10	9	23.0	11.0	22.0	55.0	29.0	9.0	23.0	55.0	12.0	8.0	23.0	16.0
alpha_rarefaction_4473_0.txt	4473	0	2155.95867769	1757.88888889	2304.44155844	2106.22105263	2052.76923077	1809.875	2137.8	2263.34259259	355.44	2763.88157895	1921.18390805	1581.42857143
alpha_rarefaction_4473_1.txt	4473	1	2093.36912752	1699.32183908	1870.70930233	2065.90625	1834.32786885	1523.87755102	1993.5	2436.89320388	279.636363636	2468.91891892	1735.0625	1555.28
alpha_rarefaction_4473_2.txt	4473	2	2176.3671875	1921.77777778	1756.16304348	1998.07291667	2206.03773585	1374.75409836	1745.125	1989.91891892	365.275862069	2148.03846154	1726.39393939	1431.14492754
alpha_rarefaction_4473_3.txt	4473	3	2606.21649485	1832.23529412	2369.60273973	1932.71428571	1923.03389831	1453.11111111	1618.58139535	2270.48113208	327.032258065	2496.04225352	1710.59550562	1866.671875
alpha_rarefaction_4473_4.txt	4473	4	2400.00840336	1758.32941176	2531.575	2129.24705882	1947.5	1485.24528302	2024.93670886	2302.5	330.0	2016.07291667	1938.90909091	1658.59649123
alpha_rarefaction_4473_5.txt	4473	5	2438.0	2077.01190476	1995.59036145	2096.76744186	1641.84615385	1578.34693878	1958.6	2528.46875	338.038461538	2053.78	1739.71910112	1538.75342466
alpha_rarefaction_4473_6.txt	4473	6	2236.408	2298.23076923	2354.04477612	1794.54205607	1596.57746479	1928.16666667	1990.86842105	2067.02970297	271.285714286	2127.87912088	1814.31914894	1607.06451613
alpha_rarefaction_4473_7.txt	4473	7	2260.25	2018.06976744	1892.71875	2368.38888889	1829.42857143	1515.50909091	1869.37974684	2255.02702703	430.391304348	2067.21348315	1974.34482759	1455.54166667
alpha_rarefaction_4473_8.txt	4473	8	2186.65909091	1538.89473684	2019.2804878	1916.66666667	1785.0	1648.88372093	2058.9125	2347.57281553	304.833333333	2833.82089552	1805.72527473	1570.89705882
alpha_rarefaction_4473_9.txt	4473	9	2233.024	1968.71764706	2036.0	1879.56521739	1640.16176471	1551.80357143	1800.58536585	2043.05555556	394.272727273	1982.51020408	1737.71910112	1616.76470588
alpha_rarefaction_8936_0.txt	8936	0	3678.00552486	3016.62790698	2974.60273973	2953.20149254	2394.67826087	2569.45121951	2850.79508197	3086.31443299	365.941176471	3420.375	2235.0	2602.80357143
alpha_rarefaction_8936_1.txt	8936	1	3113.12682927	2517.80392157	2988.80821918	3070.74468085	2598.37837838	2237.96875	2845.39552239	3383.32	410.0	3738.45669291	2644.80152672	2385.62376238
alpha_rarefaction_8936_2.txt	8936	2	3500.94827586	2784.02189781	3270.52205882	3218.4	2748.75229358	2346.03409091	2896.12396694	3244.27272727	406.588235294	3865.77777778	2967.3902439	2196.18604651
alpha_rarefaction_8936_3.txt	8936	3	3017.0	2976.13235294	3238.34883721	2948.04081633	2676.06542056	2440.68292683	2928.27272727	3039.79255319	398.0	3319.39855072	2378.66197183	2592.07920792
alpha_rarefaction_8936_4.txt	8936	4	3198.88	2472.77083333	2938.78980892	3268.89552239	2634.65217391	2268.06976744	2711.91935484	3064.11764706	415.87804878	3345.63945578	2492.91970803	2592.56122449
alpha_rarefaction_8936_5.txt	8936	5	3468.88829787	2890.72932331	2901.02684564	3318.81081081	2609.8627451	2637.61445783	2500.32075472	2867.47593583	431.285714286	3144.76190476	2245.04402516	2406.50980392
alpha_rarefaction_8936_6.txt	8936	6	3200.80310881	2918.11538462	2689.1595092	3029.50666667	2643.50925926	2487.5	2359.99350649	3233.98265896	530.088235294	3182.06164384	2725.24390244	2150.60550459
alpha_rarefaction_8936_7.txt	8936	7	3511.75555556	2845.5	2962.60869565	2945.76923077	2421.4245283	2390.51851852	2871.11023622	3001.08376963	463.111111111	3230.90909091	2899.84210526	2660.06185567
alpha_rarefaction_8936_8.txt	8936	8	3228.1959799	2467.50735294	2369.21556886	2791.18867925	2535.25	2191.84782609	2725.30714286	3244.02409639	334.02173913	3592.04545455	2512.29285714	2783.27368421
alpha_rarefaction_8936_9.txt	8936	9	3412.88202247	2718.65441176	3051.03921569	2992.09868421	2273.16935484	2564.88764045	2581.625	3082.04046243	394.558139535	3593.21374046	2290.13907285	2551.80952381
alpha_rarefaction_13399_0.txt	13399	0	3917.82352941	3782.27624309	3622.24271845	3679.27317073	3653.45454545	2906.47008547	3203.75675676	3623.4743083	483.108695652	3905.93103448	2986.0	3676.81896552
alpha_rarefaction_13399_1.txt	13399	1	3979.92857143	3480.81578947	3646.45971564	3634.25	3364.17931034	2591.2260274	3791.38216561	3913.61344538	505.12244898	4104.5	3144.53225806	3193.37414966
alpha_rarefaction_13399_2.txt	13399	2	3922.77142857	3396.96153846	3546.38497653	3426.8364486	3552.53020134	2652.21374046	3149.33846154	3831.58951965	399.12195122	4124.48387097	2723.81428571	3302.65734266
alpha_rarefaction_13399_3.txt	13399	3	3893.90234375	3470.015625	3435.15165877	3887.1641791	3532.44897959	3067.11926606	3018.92857143	3738.2145749	475.052631579	4685.11445783	2933.07731959	2802.92105263
alpha_rarefaction_13399_4.txt	13399	4	4047.20295203	3393.09574468	2954.48117155	3474.52608696	3145.56329114	3632.0952381	3271.89204545	3639.5193133	482.942307692	4461.75935829	3017.11458333	2893.66666667
alpha_rarefaction_13399_5.txt	13399	5	4128.58964143	3203.92146597	3701.03278689	3819.58247423	3500.00769231	2868.8907563	3616.08571429	4039.20089286	505.875	4032.6039604	3154.50561798	3268.53658537
alpha_rarefaction_13399_6.txt	13399	6	3752.21484375	3417.32432432	3697.35294118	3538.85128205	3130.67283951	2773.7826087	3672.46242775	3297.49438202	469.885714286	4083.2974359	3170.12426036	3372.89051095
alpha_rarefaction_13399_7.txt	13399	7	3980.38976378	3315.44751381	4221.45263158	3696.31944444	2961.6875	2789.97826087	3845.05847953	3734.23651452	500.522727273	4114.02926829	3135.79532164	2971.89156627
alpha_rarefaction_13399_8.txt	13399	8	3836.94117647	3220.94029851	3394.17431193	3593.16113744	3100.31081081	2877.95762712	3241.36170213	3874.125	477.139534884	4085.37244898	3158.30681818	2934.04195804
alpha_rarefaction_13399_9.txt	13399	9	3772.1744186	3234.25888325	3342.02727273	3635.8957346	3752.86363636	3004.29032258	3318.01648352	3536.44680851	509.263157895	4162.38423645	2893.015625	3094.70469799
alpha_rarefaction_17862_0.txt	17862	0	4188.16	3550.5984252	3919.24521073	4013.16483516	3785.03333333	3283.55932203	3900.56485356	4106.29315961	549.12244898	4460.64285714	3485.12121212	3627.55555556
alpha_rarefaction_17862_1.txt	17862	1	4441.45962733	3408.00738007	4019.75581395	4492.4375	3751.03208556	3291.62804878	3688.76315789	4347.51465798	507.701754386	4448.2183908	3495.00431034	3454.87428571
alpha_rarefaction_17862_2.txt	17862	2	4442.34653465	3579.12977099	4117.96934866	3896.03731343	4058.85955056	3785.02097902	3678.6244898	3989.34722222	553.0	4663.06493506	3434.54054054	3311.58152174
alpha_rarefaction_17862_3.txt	17862	3	4305.17575758	3586.17021277	3886.16487455	3676.51960784	3770.88601036	3388.28846154	3646.35686275	4197.06369427	482.068965517	5028.52838428	3526.56	3552.35
alpha_rarefaction_17862_4.txt	17862	4	4057.7925072	3902.59322034	3948.42957746	4388.4214876	3850.4171123	3436.96078431	3804.95022624	4082.97106109	504.725490196	4249.63636364	3645.55947137	3441.16756757
alpha_rarefaction_17862_5.txt	17862	5	4375.88955224	3531.09960159	3824.67021277	4056.71153846	3979.82352941	3606.56953642	3541.104	3896.24840764	509.6	5000.93032787	3425.0	3590.62162162
alpha_rarefaction_17862_6.txt	17862	6	4369.74440895	3567.43703704	3868.13333333	4188.56420233	3434.43961353	3410.53947368	3847.28991597	3590.53521127	536.109090909	4970.44174757	3330.875	3230.16062176
alpha_rarefaction_17862_7.txt	17862	7	4512.29545455	3593.46511628	4340.52713178	4043.15769231	3830.08333333	3411.5617284	3680.06896552	3949.91961415	447.654545455	5074.35365854	3671.75784753	3701.1741573
alpha_rarefaction_17862_8.txt	17862	8	4165.33636364	3508.8490566	4101.78378378	4349.512	3965.37931034	3110.09467456	3672.11336032	4172.09698997	471.842105263	4895.61666667	3576.44680851	3175.66009852
alpha_rarefaction_17862_9.txt	17862	9	4311.28963415	3593.90234375	3809.90972222	4104.22619048	3679.48730964	3408.89285714	3712.40692641	4130.05960265	502.0	4895.76305221	3686.26190476	3687.55434783
alpha_rarefaction_22325_0.txt	22325	0	4892.93854749	4020.31861199	4440.35	5160.0989011	4046.74025974	3779.04020101	4315.01119403	4310.32065217	604.058823529	5026.1875	3666.74193548	3491.31836735
alpha_rarefaction_22325_1.txt	22325	1	4296.62944162	3879.41233766	4178.63636364	4614.51044776	3830.84081633	3829.88	4218.60854093	4438.73947368	603.113207547	5279.69085174	3561.27118644	4172.47297297
alpha_rarefaction_22325_2.txt	22325	2	4320.69230769	3965.38719512	4260.78996865	4530.43962848	4465.50490196	3699.48557692	4116.03071672	4528.88679245	610.666666667	5093.43333333	4042.3151751	3876.04424779
alpha_rarefaction_22325_3.txt	22325	3	4552.91346154	4236.22996516	4364.25471698	4241.48082596	4416.49056604	3560.35960591	3820.29109589	4273.31007752	493.882352941	5613.81786942	3636.22101449	3962.14285714
alpha_rarefaction_22325_4.txt	22325	4	4740.86898396	3867.48543689	4398.12861736	4320.6119403	4516.91363636	3810.64130435	3893.57	4342.44959128	495.333333333	5645.59328358	3816.65313653	3719.94166667
alpha_rarefaction_22325_5.txt	22325	5	4633.75718016	4078.65306122	4181.15895954	4461.56466877	4089.33333333	3433.4047619	4314.47169811	4214.23969072	524.677966102	5644.32068966	3927.29482072	4002.45945946
alpha_rarefaction_22325_6.txt	22325	6	4420.75057737	3930.11650485	4402.77531646	4368.31076923	4325.87142857	3838.45	4140.21189591	4297.75	612.0	5095.40983607	3562.65263158	3843.21395349
alpha_rarefaction_22325_7.txt	22325	7	4726.61219512	3589.08	4369.13592233	4447.33980583	4650.8490566	3849.63492063	4017.14563107	4593.34421365	582.47826087	5492.38181818	3914.10606061	3872.73504274
alpha_rarefaction_22325_8.txt	22325	8	4570.91836735	4107.18518519	4328.30670927	4406.00996678	4753.79901961	3420.12437811	4060.72240803	4437.4690027	548.881355932	5368.76595745	3581.09427609	3874.09859155
alpha_rarefaction_22325_9.txt	22325	9	4931.65853659	4153.23571429	4144.79464286	4583.3271028	4387.35294118	3728.91878173	3917.95541401	4564.89766082	561.052631579	5445.5	3696.30952381	3908.0678733
alpha_rarefaction_26788_0.txt	26788	0	4807.09395973	4279.25280899	4417.54188482	5211.04166667	4653.67058824	3923.23144105	4308.4260355	4989.1097561	603.559322034	5921.84272997	3823.30635838	3860.77205882
alpha_rarefaction_26788_1.txt	26788	1	4816.90425532	4103.64066852	4462.44584383	5143.12893983	4929.775	3970.24444444	4534.66563467	4794.44497608	507.142857143	5421.32432432	4243.00980392	4342.73563218
alpha_rarefaction_26788_2.txt	26788	2	4925.65292842	4255.29411765	4344.44221106	4830.16348774	4998.51948052	3834.16309013	4187.47486034	4996.04663212	510.388888889	5887.2173913	3821.71875	4335.51464435
alpha_rarefaction_26788_3.txt	26788	3	4942.9516129	4129.85978836	4667.4	4669.50259067	4331.20618557	3948.12446352	4325.51453488	4669.90846682	508.4	6103.46363636	3816.86486486	3826.94964029
alpha_rarefaction_26788_4.txt	26788	4	4745.67287785	4241.61643836	4179.7038835	5009.48997135	4754.49003984	3991.5862069	4245.27327327	4781.60592255	596.904761905	5515.28212291	3853.22754491	4422.28458498
alpha_rarefaction_26788_5.txt	26788	5	4872.24557522	4184.37845304	4755.19354839	5213.1734104	5615.96	3672.02325581	4372.115727	4590.81967213	629.508196721	5693.24576271	3967.16403785	4341.39516129
alpha_rarefaction_26788_6.txt	26788	6	4785.02114165	3970.54545455	4419.66019417	4965.37228261	4281.78700361	4044.08677686	4390.64652568	4561.12162162	604.844827586	5724.61079545	3883.59006211	4309.37142857
alpha_rarefaction_26788_7.txt	26788	7	5032.0935412	4213.37465565	4300.32917706	4682.48739496	4625.0037037	3666.21268657	4312.07977208	4621.40222222	548.411764706	5868.88135593	4012.31402439	4113.05970149
alpha_rarefaction_26788_8.txt	26788	8	4723.01290323	4259.14730878	4412.88613861	4904.375	4814.87603306	4485.12182741	4214.77906977	4896.82380952	558.060606061	5644.6446281	3857.41975309	4182.76771654
alpha_rarefaction_26788_9.txt	26788	9	4803.6872428	4138.57880435	4287.93316832	5005.07386364	5216.61181435	3728.38	4013.97368421	4562.77570093	591.5	5976.53846154	3958.76875	4088.19642857
alpha_rarefaction_31251_0.txt	31251	0	5026.35968379	4259.60514019	4486.5464135	5081.14250614	5428.77580071	4119.06896552	4657.67466667	4987.66381156	605.727272727	6071.15789474	3871.06451613	4482.01694915
alpha_rarefaction_31251_1.txt	31251	1	5102.6798419	4216.62971698	4681.86026201	4925.63656885	5432.65263158	4545.97991968	4454.15979381	4894.94155844	527.6	6404.29947917	4367.27840909	4679.85813149
alpha_rarefaction_31251_2.txt	31251	2	5237.25748503	4368.53300733	5036.79572447	5210.4235589	4683.12140575	3959.37102473	4331.17985612	4876.69037657	565.0	5852.15	4015.68698061	4482.09246575
alpha_rarefaction_31251_3.txt	31251	3	4922.69557196	4475.83627204	4731.08163265	5047.12470024	5053.43902439	4053.09302326	4417.73670886	4732.25050916	540.75	5955.01449275	4394.37719298	4234.5448505
alpha_rarefaction_31251_4.txt	31251	4	5080.25904762	4340.82733813	4775.75688073	5169.34782609	4859.21262458	4197.7265625	4407.6	4822.41448692	604.815384615	5971.91142191	4444.49546828	4118.56603774
alpha_rarefaction_31251_5.txt	31251	5	4964.41959335	4238.0	4531.28348214	5228.0245098	5056.34589041	4089.68478261	4463.68513854	4881.54375	556.01369863	6358.856	4224.18390805	4519.32871972
alpha_rarefaction_31251_6.txt	31251	6	4983.09902913	4439.79126214	4501.61853448	5119.71770335	5250.125	4526.80645161	4144.14186047	5050.69072165	591.5	6702.1484375	4143.1233244	4576.96503497
alpha_rarefaction_31251_7.txt	31251	7	5035.21126761	4232.35135135	4687.04109589	5017.68660287	5447.05434783	3906.1137931	4679.42118863	4825.82352941	530.614457831	5942.18705036	4073.14876033	4853.29739777
alpha_rarefaction_31251_8.txt	31251	8	4912.57061069	4231.60321101	4654.71956522	4976.60431655	5224.73498233	3869.46666667	4309.08716707	4717.63253012	622.825	5973.02427184	4132.10084034	4344.12244898
alpha_rarefaction_31251_9.txt	31251	9	4937.59528487	4303.48201439	4710.00228833	5067.74064838	4879.45084746	4061.46575342	4470.89030612	4761.03784861	561.590909091	5815.22979798	4222.52136752	4472.17628205
alpha_rarefaction_35714_0.txt	35714	0	5274.03398927	4365.475	4738.49094567	5349.64551422	5193.1	4457.16225166	4566.11460674	5062.59444444	564.584415584	6118.27173913	4537.59473684	4761.0
alpha_rarefaction_35714_1.txt	35714	1	5199.86404293	4395.22435897	4998.10570825	5256.74626866	5259.85185185	4592.6445993	4603.53246753	4980.90697674	604.486486486	6304.79569892	4105.37931034	4959.6910828
alpha_rarefaction_35714_2.txt	35714	2	5053.31282051	4418.26963907	4698.1547619	5462.92904656	5282.81034483	4306.88888889	4813.78947368	5142.87337058	575.04109589	6045.47058824	4376.6	4703.8265896
alpha_rarefaction_35714_3.txt	35714	3	5112.60787671	4150.00814664	4627.53307393	5454.31428571	5047.04261364	4301.21543408	4713.83564815	4990.90744102	638.892857143	6257.79379157	4220.00719424	5185.37162162
alpha_rarefaction_35714_4.txt	35714	4	4996.72413793	4409.79331942	4651.72332016	5091.75498008	5527.48726115	4293.84012539	4631.90300231	5027.19367589	610.863013699	6202.12676056	4209.65348837	4850.65676568
alpha_rarefaction_35714_5.txt	35714	5	5221.74742268	4302.0877551	5011.96015936	5026.9874477	5368.20183486	4298.46056782	4625.37162162	5090.14857143	612.5	6092.61572052	4065.63839286	4524.65680473
alpha_rarefaction_35714_6.txt	35714	6	4900.33653846	4315.75365344	4740.1025641	5319.25862069	5321.78857143	4380.09427609	4528.00659341	5232.7518797	613.35	5986.09090909	4004.92307692	5233.61290323
alpha_rarefaction_35714_7.txt	35714	7	5219.63345196	4456.5870021	4909.33884298	5147.99585062	5768.59933775	4405.90169492	4750.08430913	4964.04651163	569.276315789	6332.21598272	4434.4516129	5114.76490066
alpha_rarefaction_35714_8.txt	35714	8	5025.64646465	4263.18383838	4704.08823529	5223.32903226	5213.7797619	4154.83486239	4471.82802548	4981.72131148	599.714285714	6059.81127983	4425.72493573	4852.20376176
alpha_rarefaction_35714_9.txt	35714	9	4895.04620462	4409.56964657	4867.23952096	5300.96226415	5693.17123288	4507.03389831	4776.64772727	5032.39037433	585.015873016	6240.84449244	4187.59669811	4624.52095808
alpha_rarefaction_40177_0.txt	40177	0	5160.4537037	4495.96226415	4902.60649819	5301.01129944	5512.87365591	4226.1372549	4681.87573964	5240.00883392	632.408450704	6605.37894737	4172.3909465	5044.65439093
alpha_rarefaction_40177_1.txt	40177	1	5294.09856916	4502.59160305	4891.12681159	5375.57843137	5288.71649485	4558.62931034	4718.80664062	5055.78282828	598.256097561	6667.14344262	4329.71982759	4906.40217391
alpha_rarefaction_40177_2.txt	40177	2	5248.54388715	4412.84444444	4920.40526316	5583.84072581	5651.40983607	4135.52506596	4622.99401198	5118.34883721	597.411764706	6319.68055556	4097.61490683	4693.63613232
alpha_rarefaction_40177_3.txt	40177	3	5291.57977883	4354.50639854	4934.54054054	5510.13241107	5649.68306011	4391.68119891	4741.86144578	5182.92166667	649.363636364	6212.85742188	4124.93432203	5190.25925926
alpha_rarefaction_40177_4.txt	40177	4	5127.61255743	4468.42105263	4898.57039711	5422.64092664	5447.24594595	4180.71313673	4622.00194932	5167.30420168	595.131578947	6061.64533821	4327.22012579	4793.08196721
alpha_rarefaction_40177_5.txt	40177	5	5189.42238806	4479.67241379	4710.25	5375.4566474	5561.09090909	4264.77777778	4916.89915966	5096.68918919	677.338235294	6550.63366337	4402.77136752	4819.4
alpha_rarefaction_40177_6.txt	40177	6	5142.38599106	4291.09540636	4989.61524164	5311.5	5468.03937008	4785.01801802	4775.84262948	4961.26644737	580.247058824	6865.28451883	4494.23385301	5056.01729107
alpha_rarefaction_40177_7.txt	40177	7	5139.20151515	4398.0620438	4641.42857143	5288.01121495	5776.36363636	4661.63253012	4716.406	5062.47135843	586.269230769	6482.91428571	4096.46341463	5076.84340659
alpha_rarefaction_40177_8.txt	40177	8	5236.68541033	4319.58302583	4839.61456483	5231.03314917	5379.05706522	4786.13554217	4773.39014374	5287.18499127	606.0	6355.77669903	4274.89914163	4969.70391061
alpha_rarefaction_40177_9.txt	40177	9	5129.93972179	4488.85365854	4656.51010101	5308.4	5631.69863014	4611.20245399	4609.97633136	4966.77467105	646.75	6223.37009346	4259.69536424	4885.625
alpha_rarefaction_44640_0.txt	44640	0	5274.55384615	4472.57214765	4914.22349103	5475.49393414	5677.96666667	4550.69105691	4806.18978102	5264.90995261	624.616438356	6594.55871886	4340.10721248	5343.0
alpha_rarefaction_44640_1.txt	44640	1	5329.72301136	4472.57214765	5125.06315789	5459.74471831	5789.00753769	4497.37467018	4781.03804348	5297.63765823	649.269230769	6478.06598985	4367.14864865	5181.46683673
alpha_rarefaction_44640_2.txt	44640	2	5334.71669004	4472.57214765	4925.40387722	5461.90243902	5598.34889435	4454.12531969	4503.58064516	5193.85023401	635.128205128	6455.43928571	4392.7029703	5255.53164557
alpha_rarefaction_44640_3.txt	44640	3	5389.27272727	4472.57214765	4886.03398058	5459.88481675	5719.32850242	4630.21467391	4779.53533569	5111.54872564	564.1625	6734.29704797	4203.90018832	4960.0
alpha_rarefaction_44640_4.txt	44640	4	5283.15818432	4472.57214765	4954.4141252	5461.83188908	5872.6969697	4550.46419098	4692.72727273	5118.85502959	710.661764706	6888.37476809	4421.46428571	4991.4088785
alpha_rarefaction_44640_5.txt	44640	5	5279.42553191	4472.57214765	4984.32478632	5511.54878049	6161.28831169	4466.62690355	4802.53164557	5147.5787037	589.75	6333.0	4272.68615984	4901.02147971
alpha_rarefaction_44640_6.txt	44640	6	5386.02209131	4472.57214765	4989.75732899	5491.06759099	5693.15671642	4601.56032172	4668.98767606	5193.62674961	645.643835616	6731.04545455	4372.26693227	5038.4009901
alpha_rarefaction_44640_7.txt	44640	7	5236.32859175	4472.57214765	4990.725	5487.08710801	5750.08977556	4562.34473684	4757.23801066	5036.98408104	629.507042254	6592.49206349	4292.54150198	5119.38596491
alpha_rarefaction_44640_8.txt	44640	8	5243.34396671	4472.57214765	4905.63149606	5511.35986159	5696.19647355	4509.42553191	4869.35018727	5077.79049034	579.1375	6720.69312169	4233.95669291	4908.36170213
alpha_rarefaction_44640_9.txt	44640	9	5264.80224404	4472.57214765	4903.97619048	5506.32446809	5869.32133676	4524.95372751	4649.31578947	5418.02463054	617.038961039	6458.57043478	4122.59302326	4780.69178082