#Base	Mean
1	27.42759882070321
2	30.992853243066172
3	28.426949115527407
4	29.36437540947805
5	31.700999126446824
6	34.700103734439836
7	36.12259772876174
8	37.60315025114654
9	38.42698187377157
10	37.80120659532649
11	37.88243066171653
12	37.6417667613016
13	38.48981218606683
14	38.06356737278882
15	38.852986459925745
16	37.56895064424547
17	37.94009609084953
18	37.68259445293732
19	38.3420779646211
20	38.22870714129723
21	38.65719043459271
22	38.26872679624372
23	38.94799628739899
24	38.80603297663245
25	39.08608866564752
26	37.837568246341995
27	38.02070867001529
28	38.2184865691199
29	37.71964402708015
30	38.092978816335446
31	38.55400196549465
32	38.1756497051758
33	37.557730945621316
34	38.29018890587464
35	37.90681371478489
36	37.7107392443765
37	37.94464948678751
38	38.737748416684866
39	38.46895064424547
40	38.906993885127754
41	38.91076108320594
42	39.08383926621533
43	38.34641843197205
44	38.56598602314916
45	38.09544660406202
46	38.726659751037346
47	38.12811749290238
48	38.67423564096964
49	38.90626774404892
50	38.45548154618913
51	38.49195785105918
52	38.495424765232585
53	38.33009936667395
54	38.1601168377375
55	38.01449552303996
56	38.264298973575016
57	37.78387748416685
58	37.95643153526971
59	37.86258462546407
60	38.29054378685302
61	38.672133653636166
62	37.97539855863726
63	37.99864053286744
64	38.051446822450316
65	37.83205394190871
66	37.97193710417122
67	37.84640205284997
68	37.352991919633105
69	37.70998580476086
70	38.14468770473903
71	38.02211181480673
72	38.5638676566936
73	38.515713037781175
74	38.850606027516925
75	38.95322668704957
76	38.37896920725049
77	38.46461017689452
78	38.408953920069884
79	37.343519327364056
80	37.05491373662372
81	37.106917449224724
82	37.67502183882944
83	38.176861760209654
84	37.46316881415156
85	37.928417776807166
86	37.78369731382398
87	37.98512229744486
88	37.83404127538764
89	37.91753658003931
90	37.13280192181699
91	37.413840358156804
92	37.712027735313384
93	37.66880869185412
94	37.428750818956104
95	38.55874099148286
96	37.62738043240882
97	38.497286525442235
98	38.586208779209436
99	37.827566062459056
100	38.21559292421926
101	37.986268835990394
102	36.71582769163573
103	37.50437868530247
104	37.94739025988207
105	38.21418977942782
106	38.3403035597292
107	38.01548373007207
108	38.67074688796681
109	38.34035815680279
110	38.7156147630487
111	38.39511356191308
112	38.5236459925748
113	38.681240445512124
114	38.529264031447916
115	38.59704083861105
116	38.60572177331295
117	38.500737060493556
118	38.47236842105263
119	38.13238698405765
120	38.538321685957634
121	38.51160187813933
122	38.571205503385016
123	38.623853461454466
124	38.683216859576326
125	38.58353898231055
126	38.67369512994104
127	38.76260646429351
128	38.57332386984058
129	38.7166302686176
130	38.71097947150033
131	37.99907730945621
132	38.84800174710635
133	38.80015833151343
134	38.71955121205503
135	38.39667503821795
136	38.629116619349205
137	38.16690325398559
138	37.89907730945621
139	37.65020746887967
140	38.418164446385674
141	38.40099366673946
142	38.615085171434814
143	38.687988643808694
144	38.76067372788818
145	38.46849748853462
146	38.2958833806508
147	38.05432954793623
148	38.18827800829875
149	38.45311203319502
150	38.31982965713038
151	38.45847346582223
152	38.32148940816772
153	38.44198514959598
154	38.518191744922476
155	37.97968442891461
156	37.97981546189124
157	38.448176457741866
158	38.5291166193492
159	38.37849967241756
160	38.295561257916575
161	38.1795097182791
162	38.09313714784888
163	38.32388075999126
164	38.42895282812841
165	38.42449770692291
166	38.33798318410133
167	38.416259008517144
168	38.090860449879884
169	38.270233675475
170	38.1552686176021
171	37.7669414719371
172	38.31740008735532
173	38.47890915046953
174	38.48455448787945
175	38.46528718060712
176	38.38959379777244
177	38.26154182135838
178	38.21468661279756
179	38.37455230399651
180	38.41850840794933
181	38.386323433063986
182	38.13817427385892
183	38.15576545097183
184	38.30168158986678
185	38.31765669360122
186	37.961738370823326
187	38.11265560165975
188	38.35127757152217
189	38.126687049574144
190	38.284046735095
191	38.31005132124918
192	37.89580694474776
193	37.67712382616292
194	38.15301921816991
195	38.14080039309893
196	38.26062459052195
197	38.39173400305744
198	38.38668377374972
199	38.50183446167286
200	38.47281065734877
201	38.28946822450317
202	38.098695129941035
203	37.96778772657785
204	38.082174055470624
205	37.933648176457744
206	38.06313605590741
207	38.152145664992354
208	38.09130268617602
209	37.91857392443765
210	38.29583970299192
211	37.87128193928805
212	37.78670561257917
213	37.94755405110286
214	38.047477615199824
215	38.211214238916796
216	38.29645664992356
217	38.01129067481983
218	38.24023804324088
219	38.36890696658659
220	38.378603406857394
221	38.39980345053505
222	38.20907949333915
223	38.067301812622844
224	38.3843306398777
225	38.37749508626337
226	38.41544551212055
227	38.347242847783356
228	38.32916575671544
229	38.05055689015069
230	38.37239025988207
231	38.40539419087137
232	38.306677222100895
233	38.53468552085608
234	38.357403363179735
235	38.32397357501638
236	38.422155492465606
237	38.53724612360777
238	38.57958069447478
239	38.472308364271676
240	38.360335226031886
241	38.29831841013322
242	38.15051867219917
243	38.24844944310985
244	38.02905656256824
245	37.804826381305965
246	37.648427604280414
247	38.177822668704955
248	37.991062459052195
249	37.884854771784234
250	38.21432627211181
251	37.01055361432627
252	36.5048209215986
253	36.909931207687265
254	36.75925966368202
255	37.11092487442673
256	37.10815134308801
257	37.42518017034287
258	37.60192727669797
259	37.43806507971173
260	37.46040620222756
261	37.14220353789037
262	36.95311749290238
263	36.454427822668706
264	37.22288163354444
265	36.89279318628522
266	36.55895937977724
267	37.04896265560166
268	36.906720899759776
269	37.26299956322341
270	37.05755140370609
271	37.16042520897372
272	37.09744152525716
273	37.418529863010704
274	36.85575993841215
275	37.186723668189984
276	36.957690879706476
277	37.63853520573076
278	37.97618917620337
279	37.8483117847471
280	38.211673491673494
281	37.87597618917591
282	37.66052996624906
283	37.440469816989896
284	37.585833146678176
285	36.95703289319137
286	37.45115981775073
287	37.68948242518274
288	37.30453167253954
289	36.78187112776861
290	37.088235936885354
291	37.55719343488428
292	37.039923071459405
293	37.16124043715847
294	37.83721413153365
295	37.90341812617831
296	37.99871581190743
297	38.167081067788736
298	38.119162376908534
299	37.89932456801862
300	38.00038252620305
301	37.87450886099468
302	37.933707484480195
303	38.031172608341485
304	38.04202632183531
305	37.60855533067119
306	37.84075182294088
307	37.688434376863285
308	38.058399750559325
309	37.853032399936545
310	37.921973207008406
311	37.90927689555766
312	37.893762855017286
313	38.03759135267603
314	38.306753097562975
315	38.15041246362224
316	38.01491761668235
317	38.10270015973392
318	38.1583125003419
319	37.99746174843958
320	38.12365770802449
321	38.135922276986705
322	38.040552072734435
323	37.92644967177243
324	37.717792317202594
325	37.49968544341537
326	37.591399202393916
327	37.65014360349025
328	38.08913242109064
329	38.16537268355137
330	37.966120523596885
331	37.767860465625375
332	37.745467285626695
333	37.46960412251447
334	37.87040295570283
335	37.67582884019732
336	37.7754252135402
337	38.0207548691015
338	37.94924338531202
339	37.796659180042994
340	37.76351075955925
341	38.119863585241085
342	37.96577702374457
343	38.037381290660285
344	37.72024442480792
345	37.89763773630127
346	38.68457994681449
347	38.08227533547192
348	37.62443589163082
349	38.184339770907
350	38.163771468311566
351	37.895548075605035
352	37.426341973509096
353	38.16925798416652
354	38.22421816680167
355	38.046967743988795
356	38.24928659110112
357	38.117619685652166
358	38.420209592745785
359	37.127183331041124
360	36.812577810977125
361	36.8255911088512
362	36.77032431646306
363	36.65237366003063
364	37.22251805383325
365	37.49811624419328
366	37.61210555453036
367	37.74278321936795
368	37.57486229344016
369	37.541501191421766
370	37.5648402371573
371	37.72332411748207
372	37.677981314511854
373	37.58399278363196
374	37.57737337222199
375	37.749183211862274
376	37.857004749695264
377	37.77995596578881
378	37.53896892900538
379	37.539412598348235
380	37.56011974872399
381	36.902895898374425
382	37.014386136995256
383	36.88648412308029
384	37.86178235261738
385	37.51705101327743
386	37.60245872848613
387	37.45446069994263
388	37.468431625771274
389	37.53368768855049
390	37.230100574712644
391	37.45105524742491
392	37.5779842950796
393	37.798342939481266
394	37.6162271220637
395	37.363505332948975
396	37.127272727272725
397	37.52502014799619
398	37.40790064342361
399	37.54800813314255
400	37.1712962962963
401	37.31843966120134
402	38.27121224260877
403	37.96035383996783
404	37.40604890604891
405	38.01827550116738
406	37.86584481508339
407	37.749556236888814
408	36.90476959083205
409	37.55824850541283
410	37.803515023892444
411	37.56622193296453
412	37.73507340946166
413	37.465068380293296
414	37.91838617681597
415	36.852693437806074
416	36.78137398204218
417	36.89147944044087
418	37.11356869417269
419	37.1898078168862
420	36.99805110437419
421	36.980026338893765
422	37.1889798628015
423	37.186406907239316
424	36.82857779759251
425	37.10788474424838
426	37.01690206066219
427	37.174542863927805
428	37.13844596304733
429	37.33571246495029
430	37.18912710566616
431	37.53128205128205
432	37.65509199274423
433	37.71932555123217
434	37.369877594465144
435	37.400946372239744
436	37.663976759199485
437	37.47864077669903
438	37.24310288867251
439	37.20822454308094
440	37.419619422572175
441	37.3010060362173
442	37.3042776432607
443	37.45109135004042
444	37.59072416598861
445	37.59706601466993
446	37.30406599882145
447	37.269299820466784
448	37.39481615430982
449	36.91256072172103
450	37.18061366806137
451	37.27352297592998
452	37.2683284457478
453	37.15997023809524
454	37.169769173492185
455	37.206422018348626
456	37.25157728706625
457	37.256735340729
458	36.93053311793215
459	37.40387722132472
460	37.57225913621262
461	37.46016949152543
462	37.45242214532872
463	37.4290780141844
464	37.656474820143885
465	37.73940486925158
466	37.26330027051397
467	37.261146496815286
468	37.40276497695852
469	37.72375127420999
470	37.63970588235294
471	37.5761957730812
472	37.51625487646294
473	37.898360655737704
474	38.17312072892938
475	38.20909090909091
476	38.18125
477	38.63333333333333
478	38.4
479	37.857142857142854
480	33.714285714285715
481	36.857142857142854
482	38.4
