	sequences per sample	iteration	CK1	CK2	CK3	JXBR161	JXBR162	JXBR163	RW371	RW372	RW373	R37J161	R37J162	R37J163
alpha_rarefaction_10_0.txt	10	0	0.88	0.7	0.82	0.88	0.7	0.6	0.86	0.88	0.88	0.88	0.88	0.34
alpha_rarefaction_10_1.txt	10	1	0.9	0.82	0.88	0.84	0.7	0.6	0.86	0.88	0.86	0.9	0.84	0.6
alpha_rarefaction_10_2.txt	10	2	0.9	0.76	0.88	0.78	0.78	0.34	0.88	0.9	0.82	0.84	0.9	0.6
alpha_rarefaction_10_3.txt	10	3	0.88	0.78	0.7	0.84	0.84	0.48	0.84	0.9	0.86	0.9	0.88	0.84
alpha_rarefaction_10_4.txt	10	4	0.9	0.78	0.86	0.84	0.76	0.34	0.76	0.9	0.86	0.84	0.82	0.7
alpha_rarefaction_10_5.txt	10	5	0.9	0.78	0.84	0.84	0.78	0.7	0.88	0.9	0.86	0.9	0.86	0.48
alpha_rarefaction_10_6.txt	10	6	0.9	0.84	0.84	0.76	0.9	0.6	0.88	0.9	0.8	0.86	0.9	0.7
alpha_rarefaction_10_7.txt	10	7	0.9	0.6	0.82	0.78	0.88	0.7	0.9	0.9	0.86	0.9	0.9	0.88
alpha_rarefaction_10_8.txt	10	8	0.88	0.6	0.88	0.7	0.68	0.7	0.9	0.9	0.9	0.88	0.9	0.7
alpha_rarefaction_10_9.txt	10	9	0.88	0.6	0.78	0.9	0.84	0.76	0.88	0.9	0.82	0.72	0.88	0.7
alpha_rarefaction_4473_0.txt	4473	0	0.988934126407	0.82613334077	0.938410151397	0.901991225491	0.877761089227	0.63177784945	0.968783313688	0.980690911997	0.916720933195	0.96069413975	0.979405708664	0.746395455476
alpha_rarefaction_4473_1.txt	4473	1	0.989048382253	0.809513263599	0.937425531903	0.907177521247	0.86270940595	0.643553798635	0.970507747281	0.980600546919	0.918880198747	0.957934006403	0.9779285795	0.763040622951
alpha_rarefaction_4473_2.txt	4473	2	0.98832726093	0.814825210797	0.937856165485	0.909774617599	0.867884705955	0.644730044074	0.968619177119	0.980208698349	0.914734600814	0.959979216032	0.977421775355	0.744716304384
alpha_rarefaction_4473_3.txt	4473	3	0.989260300357	0.823987170158	0.934371712052	0.906843350387	0.867477663257	0.630886493914	0.967853173141	0.980972603138	0.916088777492	0.959782492056	0.978513953283	0.762784122076
alpha_rarefaction_4473_4.txt	4473	4	0.98850679155	0.807729452953	0.940551024057	0.903346701667	0.872235324659	0.64500333846	0.966446716666	0.981213110194	0.91443811539	0.960957238075	0.97992420829	0.749746860326
alpha_rarefaction_4473_5.txt	4473	5	0.98904528345	0.826501898341	0.938106568717	0.913386421817	0.860296138557	0.63425289297	0.969353893188	0.981006889887	0.916383563572	0.958134928757	0.978946086285	0.754306998061
alpha_rarefaction_4473_6.txt	4473	6	0.989259600627	0.817497977906	0.935735684945	0.9076571359	0.86814990347	0.640065746592	0.966949322434	0.980954410168	0.916154851957	0.959782691979	0.979394812875	0.753554788752
alpha_rarefaction_4473_7.txt	4473	7	0.988436518707	0.816254558426	0.942969089595	0.907879749871	0.864296092775	0.640960700737	0.967500909274	0.981090157709	0.919762357837	0.961415760879	0.978346817872	0.768728324939
alpha_rarefaction_4473_8.txt	4473	8	0.988933026832	0.808820031499	0.935537961355	0.901915654695	0.867031635624	0.641044868211	0.970228455213	0.981939529469	0.915367156362	0.959330666664	0.97937332118	0.750244667948
alpha_rarefaction_4473_9.txt	4473	9	0.98897810941	0.827578382334	0.936480297189	0.901140054426	0.87444706993	0.633457900194	0.966917134873	0.980666221539	0.918343905998	0.960346973912	0.979580441139	0.765805454482
alpha_rarefaction_8936_0.txt	8936	0	0.98904376912	0.817947997257	0.935063996316	0.900688217376	0.868949037981	0.642186850048	0.969228359391	0.980927739204	0.917738640198	0.961260177817	0.979152281738	0.759835058055
alpha_rarefaction_8936_1.txt	8936	1	0.988713784044	0.812097004943	0.937821970259	0.903636818751	0.863938474452	0.628470691615	0.969165267747	0.981022940212	0.915004059505	0.960842430485	0.978633547703	0.752657488164
alpha_rarefaction_8936_2.txt	8936	2	0.988775397956	0.819485139125	0.938030280382	0.90826169422	0.866193042697	0.631705597308	0.969110366245	0.980816132866	0.915766694465	0.958601587615	0.978953414072	0.759488442232
alpha_rarefaction_8936_3.txt	8936	3	0.989173959817	0.815511041814	0.934733760777	0.900400460371	0.868536800837	0.630777982334	0.96930517641	0.980016830116	0.915547213689	0.961029075555	0.979413840308	0.758479376672
alpha_rarefaction_8936_4.txt	8936	4	0.989100048169	0.81206692433	0.932962460998	0.903579587942	0.865137265777	0.635207120925	0.968753205927	0.981003053445	0.915656941554	0.961088310068	0.979757450575	0.75880643133
alpha_rarefaction_8936_5.txt	8936	5	0.988941530101	0.815052994977	0.936611933142	0.908292851824	0.867800439452	0.641995571412	0.968899927185	0.980454739723	0.915470496855	0.958295571853	0.979025923127	0.761293754894
alpha_rarefaction_8936_6.txt	8936	6	0.988910372497	0.814962051841	0.93814514274	0.903316175946	0.866461263584	0.63481299226	0.968222499758	0.980996466267	0.91842824013	0.961012144252	0.978205882035	0.757403562707
alpha_rarefaction_8936_7.txt	8936	7	0.989254433597	0.814703022949	0.935392077874	0.904197304977	0.862313946023	0.63295132541	0.969483355828	0.9809155667	0.916228322923	0.959666781946	0.979261684001	0.757851591021
alpha_rarefaction_8936_8.txt	8936	8	0.988929432735	0.817223232312	0.936995116572	0.904659985381	0.872022795745	0.64392626588	0.968867116525	0.980925810639	0.917884760345	0.959385486888	0.97914406655	0.762451670649
alpha_rarefaction_8936_9.txt	8936	9	0.988907817773	0.821040088916	0.937264464542	0.906230163326	0.863678243336	0.64501472823	0.969000613334	0.980969716812	0.916671767764	0.958537919906	0.978321145133	0.758875083254
alpha_rarefaction_13399_0.txt	13399	0	0.988902147408	0.81485821667	0.934351490786	0.902730542859	0.867693457992	0.634438997164	0.96918541546	0.980564603201	0.917520553761	0.959945029889	0.979487766165	0.756219291161
alpha_rarefaction_13399_1.txt	13399	1	0.988831330423	0.816950776698	0.934552679201	0.903463109311	0.869531959161	0.642651361182	0.968831631315	0.981017900973	0.916909391038	0.96052140239	0.978963573428	0.76316660783
alpha_rarefaction_13399_2.txt	13399	2	0.98906469116	0.810890504871	0.937286546793	0.904896504352	0.872441270626	0.639481696759	0.969968680055	0.98055210412	0.91594221617	0.957736190533	0.978460134513	0.75947077889
alpha_rarefaction_13399_3.txt	13399	3	0.989098824122	0.817306298683	0.936467144035	0.904700807958	0.864455048624	0.631191608955	0.968146966867	0.980348854806	0.918202288389	0.960456779245	0.978965288989	0.757318608718
alpha_rarefaction_13399_4.txt	13399	4	0.989284539075	0.821263405202	0.935918688377	0.90756130394	0.86099201228	0.641096918892	0.969463325059	0.97970201066	0.917305250966	0.960710682143	0.979499050986	0.756987906655
alpha_rarefaction_13399_5.txt	13399	5	0.988836833584	0.813510800156	0.936309312504	0.906455848242	0.867678664071	0.638425892044	0.96918444628	0.980851658741	0.918836165574	0.958435726883	0.978437096991	0.751081578499
alpha_rarefaction_13399_6.txt	13399	6	0.98920248183	0.822043227537	0.933874364553	0.908174360463	0.86369709411	0.627025716541	0.96975080392	0.980365676207	0.915131090433	0.958302280813	0.978503068076	0.753052233497
alpha_rarefaction_13399_7.txt	13399	7	0.989007498396	0.815687077289	0.937163394084	0.90870676338	0.869785750659	0.638681376822	0.969162634158	0.98011860213	0.916788778249	0.959143885593	0.979094301338	0.757521679792
alpha_rarefaction_13399_8.txt	13399	8	0.988801241281	0.814299902111	0.937163327244	0.900555747346	0.867265258641	0.640646495241	0.968772377651	0.98069239015	0.918154909966	0.958852786232	0.979165953823	0.750336668926
alpha_rarefaction_13399_9.txt	13399	9	0.988867802786	0.815116686969	0.9339792031	0.904883726771	0.869978461533	0.635299940984	0.969438571978	0.97998339594	0.915256003261	0.962273579693	0.979164349663	0.7545117964
alpha_rarefaction_17862_0.txt	17862	0	0.98926069648	0.819829751129	0.936525749153	0.906415864917	0.867271457667	0.635021454435	0.969245291045	0.980623000249	0.918134892547	0.962621097081	0.978578242797	0.756345884265
alpha_rarefaction_17862_1.txt	17862	1	0.989141449103	0.816866620252	0.935937667704	0.90553638809	0.86529497769	0.635004197009	0.968648565212	0.980787086846	0.917030586491	0.95907123877	0.978681041395	0.755116375673
alpha_rarefaction_17862_2.txt	17862	2	0.988983587216	0.819826823698	0.93543991663	0.907932387145	0.871236979873	0.637888581866	0.968843004319	0.980401161138	0.916136309524	0.958525664627	0.978600283157	0.758881660328
alpha_rarefaction_17862_3.txt	17862	3	0.989163746476	0.816910381274	0.937041183918	0.906567577318	0.86830133676	0.643255998874	0.969385494316	0.980180682311	0.914953972067	0.95942004816	0.978668240935	0.759524366264
alpha_rarefaction_17862_4.txt	17862	4	0.989014861208	0.816699179959	0.935582815394	0.902435580183	0.869780372823	0.638509404157	0.969155863348	0.980868741492	0.915920005578	0.961409541728	0.978691440985	0.751199930253
alpha_rarefaction_17862_5.txt	17862	5	0.989152243614	0.817480547094	0.935570503885	0.904003285443	0.86725482083	0.633404691194	0.96993360097	0.980782874354	0.916457217423	0.959783325454	0.978735640809	0.755466727136
alpha_rarefaction_17862_6.txt	17862	6	0.988824553102	0.818554607206	0.936516120599	0.906901505077	0.865536926436	0.62891912054	0.969409214658	0.981039673388	0.91616627965	0.959322364731	0.978536951598	0.753798467433
alpha_rarefaction_17862_7.txt	17862	7	0.989005151163	0.815644107405	0.937968045013	0.907832622544	0.867913329881	0.644018591583	0.968345065186	0.980762263232	0.91654535379	0.959627688916	0.978715618934	0.751677534081
alpha_rarefaction_17862_8.txt	17862	8	0.988932560898	0.815897960202	0.93754761072	0.907915135987	0.865275614017	0.639154623797	0.970096759815	0.981100647958	0.915754007061	0.958354043186	0.979077573556	0.757126706033
alpha_rarefaction_17862_9.txt	17862	9	0.989088473254	0.813920000838	0.936566651699	0.903340382111	0.869751342986	0.641259898212	0.969196113961	0.980361123658	0.916400486688	0.96080599567	0.978746203382	0.755744450722
alpha_rarefaction_22325_0.txt	22325	0	0.988999082825	0.814442341015	0.937427939342	0.904911769405	0.866448555832	0.637160581805	0.968988807059	0.980563969357	0.915502472509	0.960288548108	0.978546275436	0.753226394666
alpha_rarefaction_22325_1.txt	22325	1	0.988855476902	0.813654179766	0.934973817761	0.908225849177	0.869401443854	0.63857227133	0.970058305421	0.980711210874	0.916955718548	0.959305200458	0.978902683933	0.755992366659
alpha_rarefaction_22325_2.txt	22325	2	0.989119518866	0.818009299153	0.934882879783	0.903870232203	0.863966966665	0.645450508308	0.96924002814	0.980900530567	0.91718742139	0.960549307605	0.979049367671	0.754316723452
alpha_rarefaction_22325_3.txt	22325	3	0.988996763429	0.817685414365	0.935296863875	0.907167783269	0.869144480462	0.633519158216	0.968762112185	0.980690601154	0.916393028269	0.959569274524	0.979222383375	0.756227957901
alpha_rarefaction_22325_4.txt	22325	4	0.988968705961	0.818635857089	0.935770277472	0.908271916072	0.868391595701	0.633518199158	0.968900072105	0.980709718114	0.918197470183	0.959548383909	0.978883486718	0.758793037298
alpha_rarefaction_22325_5.txt	22325	5	0.988955548004	0.81699762919	0.936588466472	0.903881187135	0.866219525512	0.637477187381	0.969115109806	0.98111162369	0.916295750073	0.959188472241	0.978837965563	0.75834000469
alpha_rarefaction_22325_6.txt	22325	6	0.988950411625	0.817745867134	0.934860849534	0.90540102552	0.867208763946	0.637877652364	0.969124941156	0.98039157965	0.916496799168	0.960344554699	0.978612879821	0.756927933949
alpha_rarefaction_22325_7.txt	22325	7	0.989331851943	0.815161578483	0.93634723324	0.904307394203	0.866089567107	0.635998797164	0.969809231186	0.980769954191	0.916507196322	0.959904989034	0.978303176253	0.758406123526
alpha_rarefaction_22325_8.txt	22325	8	0.989117588711	0.819471192766	0.93637714462	0.90444089992	0.870602353254	0.632083652748	0.969681945303	0.980740123067	0.917091768376	0.960667480428	0.978773154898	0.759082432105
alpha_rarefaction_22325_9.txt	22325	9	0.989070655051	0.816040621532	0.934798302086	0.907648243336	0.869196293681	0.633080784351	0.969859355018	0.980443701854	0.916875165685	0.958938479075	0.979435723664	0.755928787922
alpha_rarefaction_26788_0.txt	26788	0	0.989310982907	0.817471990237	0.935363230867	0.906886576708	0.869534263234	0.635538590031	0.968848947606	0.980584424005	0.916959651935	0.960092288241	0.978691305575	0.756837816188
alpha_rarefaction_26788_1.txt	26788	1	0.98917855202	0.818069729684	0.933741312031	0.905655244819	0.868053526716	0.630485739638	0.96924886291	0.980664555338	0.916758550187	0.960088706844	0.978746952412	0.755584580639
alpha_rarefaction_26788_2.txt	26788	2	0.989054443353	0.817238998721	0.93576955088	0.905045821934	0.867609319139	0.638528025838	0.969741345498	0.980707529323	0.916893651097	0.959728482344	0.978813833967	0.753875671466
alpha_rarefaction_26788_3.txt	26788	3	0.989115343836	0.815536488684	0.937320747564	0.904968185037	0.868566263014	0.635511672413	0.969394769329	0.980644368519	0.915884769989	0.960311349932	0.978301563113	0.754273936819
alpha_rarefaction_26788_4.txt	26788	4	0.989088164233	0.816505141081	0.936941568135	0.905861474795	0.866141628942	0.633929689645	0.968821650946	0.980954199827	0.916496375157	0.959954233027	0.978912429705	0.757982678923
alpha_rarefaction_26788_5.txt	26788	5	0.988921572107	0.817557174547	0.936462639116	0.905859950262	0.866927457261	0.636233654306	0.969466734518	0.980429576634	0.917431763756	0.95905190477	0.979008277382	0.750167676299
alpha_rarefaction_26788_6.txt	26788	6	0.988990652669	0.817570778284	0.936386420843	0.905740900145	0.869405397022	0.639023064178	0.968915307978	0.980608679961	0.916291154105	0.959591394247	0.978373731759	0.754401835914
alpha_rarefaction_26788_7.txt	26788	7	0.989102790828	0.819414785579	0.936246478775	0.90494144858	0.869634812715	0.643920735538	0.968702639848	0.98096696744	0.916951795157	0.960489731406	0.978616662002	0.752777088192
alpha_rarefaction_26788_8.txt	26788	8	0.989258672205	0.816888726884	0.934123473636	0.905952191457	0.867041317835	0.636006696818	0.968642096112	0.98085243518	0.91583414547	0.959869227091	0.978750536596	0.757842538973
alpha_rarefaction_26788_9.txt	26788	9	0.989022478334	0.816361129877	0.936059476864	0.907041159306	0.868658440106	0.634244403917	0.969049505874	0.980237811604	0.915130391079	0.958922442122	0.978951262089	0.750871288549
alpha_rarefaction_31251_0.txt	31251	0	0.989109687967	0.816941838662	0.936495337579	0.904363448709	0.868243417004	0.6401695076	0.969155664693	0.980841372092	0.916980107086	0.959728420878	0.978590135437	0.7561500302
alpha_rarefaction_31251_1.txt	31251	1	0.989076360948	0.81810975265	0.936646752913	0.905483174294	0.867852720473	0.636937321247	0.969330083738	0.980990481525	0.91658236179	0.960700128544	0.978822126222	0.757768268519
alpha_rarefaction_31251_2.txt	31251	2	0.988979414833	0.818164332453	0.936176570397	0.905357277455	0.869079305906	0.638189695494	0.968921564604	0.980571319615	0.917528106574	0.960227117921	0.978570148236	0.756602889792
alpha_rarefaction_31251_3.txt	31251	3	0.989123164993	0.817133867332	0.936497346539	0.905417785839	0.867478068995	0.637809266978	0.969415258703	0.980702235781	0.916382252229	0.959375575109	0.978712368638	0.753029190577
alpha_rarefaction_31251_4.txt	31251	4	0.989134270586	0.816653713742	0.936290861962	0.907281346569	0.866904845906	0.633820468825	0.969726381191	0.980624025618	0.916659601263	0.960158985322	0.979174892124	0.758425792133
alpha_rarefaction_31251_5.txt	31251	5	0.989067415857	0.816006714127	0.935818871178	0.90582707702	0.867639858833	0.63726362254	0.969689204178	0.980305184712	0.917335449208	0.960186441101	0.979134012565	0.75892548444
alpha_rarefaction_31251_6.txt	31251	6	0.988965309112	0.817112921728	0.935371506018	0.904831958116	0.870631330479	0.63897740828	0.969134336138	0.980830665833	0.917060283203	0.960406150815	0.978856868318	0.754934298472
alpha_rarefaction_31251_7.txt	31251	7	0.989159586342	0.817440679055	0.935608843788	0.906314541501	0.868377495079	0.639991256992	0.968707957539	0.980659453751	0.916362179018	0.96043519574	0.979168642028	0.754432398562
alpha_rarefaction_31251_8.txt	31251	8	0.989021330614	0.816992017594	0.936936067644	0.904985814509	0.866835347378	0.636864625996	0.969100716274	0.980475041105	0.916483332992	0.960926581891	0.978757923483	0.757711528214
alpha_rarefaction_31251_9.txt	31251	9	0.988849522602	0.81573779617	0.936536968707	0.904556044639	0.864145287225	0.640032531791	0.968759006816	0.980959185992	0.91605875447	0.959213179102	0.979323049298	0.759478267749
alpha_rarefaction_35714_0.txt	35714	0	0.989073635835	0.81615966295	0.936701201175	0.906022911061	0.865849630051	0.638521856117	0.969462664365	0.980723137043	0.916853487709	0.961254851152	0.97886791248	0.755890349749
alpha_rarefaction_35714_1.txt	35714	1	0.989033163539	0.814794977787	0.936257503388	0.90736424833	0.865118643411	0.639936272763	0.968977199093	0.980873104531	0.916829504765	0.959753130005	0.979185704125	0.757001535432
alpha_rarefaction_35714_2.txt	35714	2	0.989063998753	0.818180057005	0.936321561917	0.904769623104	0.868161164027	0.636785597617	0.968578528714	0.98080202909	0.917323605151	0.959873380281	0.978628369991	0.756413674986
alpha_rarefaction_35714_3.txt	35714	3	0.989173923583	0.817614183407	0.936815842626	0.906212494702	0.868562343246	0.640760527103	0.969356477706	0.980614239269	0.916952262314	0.959738098916	0.978886128227	0.756429513608
alpha_rarefaction_35714_4.txt	35714	4	0.989148863407	0.817697102141	0.935683650111	0.904342014822	0.868179086554	0.634303540912	0.96966112146	0.980366858223	0.916213662912	0.959886493674	0.97868514034	0.755424117874
alpha_rarefaction_35714_5.txt	35714	5	0.989095801438	0.81641438549	0.936129428667	0.905157538399	0.868138637779	0.638300734787	0.9691963698	0.98053368198	0.916558038854	0.960035473306	0.979084392456	0.755219866926
alpha_rarefaction_35714_6.txt	35714	6	0.989131318774	0.816617438467	0.936138245672	0.905148840564	0.868477610306	0.636108671778	0.968787337911	0.980657849183	0.916465100439	0.960294189606	0.978728163812	0.757065747628
alpha_rarefaction_35714_7.txt	35714	7	0.989030281509	0.818815028764	0.936453707231	0.905309859492	0.870454661011	0.639188338909	0.969236605324	0.980874390311	0.916113041174	0.959909709854	0.979130127043	0.756614607993
alpha_rarefaction_35714_8.txt	35714	8	0.989059498521	0.818910275312	0.935402957939	0.905932829587	0.866245396447	0.638618538976	0.969201089555	0.980564788462	0.916836904276	0.959335116468	0.978785490809	0.755801342373
alpha_rarefaction_35714_9.txt	35714	9	0.989095125619	0.817882927226	0.935160903475	0.904606620624	0.86744907993	0.633330832229	0.96920513506	0.980508405416	0.917089008213	0.960583206422	0.978900957041	0.755438051344
alpha_rarefaction_40177_0.txt	40177	0	0.989004268155	0.816614022339	0.936565662843	0.905478468222	0.868358142444	0.638419110229	0.969030730062	0.980754213926	0.916642895682	0.959545835846	0.978554672932	0.757036112167
alpha_rarefaction_40177_1.txt	40177	1	0.98908598957	0.816000961185	0.93551206655	0.905583722164	0.867056641214	0.63707814032	0.968715408085	0.980624765827	0.917365575813	0.959681767687	0.979054146561	0.755760283235
alpha_rarefaction_40177_2.txt	40177	2	0.989037276634	0.816498949239	0.935680905271	0.90563565405	0.869190046306	0.636829485781	0.969191008459	0.980672032838	0.917299130158	0.959394026085	0.978842998109	0.754230226695
alpha_rarefaction_40177_3.txt	40177	3	0.989107543397	0.816745452856	0.935888030656	0.905589721452	0.868001625847	0.638669099182	0.96894688746	0.98059283157	0.916482250537	0.959740745826	0.978632899099	0.755584217365
alpha_rarefaction_40177_4.txt	40177	4	0.989130040111	0.817728893896	0.936507715561	0.905934654541	0.868910775818	0.639356540615	0.968983774042	0.980863011438	0.916972764881	0.95967259777	0.979001512156	0.757774880849
alpha_rarefaction_40177_5.txt	40177	5	0.989124786706	0.81682298146	0.935525753899	0.90419990851	0.8671727588	0.636666435717	0.969123933387	0.980731408699	0.916354717948	0.960664293099	0.978879814067	0.752663317026
alpha_rarefaction_40177_6.txt	40177	6	0.989223559384	0.817163838203	0.935953113399	0.905401193615	0.867654394394	0.637786003124	0.969530693099	0.980691632745	0.916980151862	0.959486451311	0.978684678587	0.753991361578
alpha_rarefaction_40177_7.txt	40177	7	0.989034523552	0.817177230668	0.935857184251	0.906045835908	0.867401356237	0.638596356876	0.969253981168	0.980670570806	0.916933241685	0.960024349133	0.978684262279	0.756288630764
alpha_rarefaction_40177_8.txt	40177	8	0.989163650748	0.815813754133	0.935449423418	0.905526460054	0.867858113739	0.636953063449	0.969360878038	0.980720346813	0.917201480024	0.959163594912	0.978540099691	0.756782328125
alpha_rarefaction_40177_9.txt	40177	9	0.98908050571	0.817394480007	0.935824225333	0.905751862083	0.868802833223	0.63940943769	0.969095021077	0.980504421976	0.916489917534	0.961471766151	0.978864074917	0.753833909363
alpha_rarefaction_44640_0.txt	44640	0	0.989085280813	0.81701498688	0.936685886535	0.905287371653	0.867530139563	0.636314105035	0.96915192006	0.980660964739	0.916642180655	0.960006520704	0.978721416092	0.756571044059
alpha_rarefaction_44640_1.txt	44640	1	0.98911313808	0.81701498688	0.93543747531	0.905128173938	0.868026730772	0.635546803741	0.969088562743	0.98060020085	0.917321293366	0.960087039406	0.979005360286	0.758054756651
alpha_rarefaction_44640_2.txt	44640	2	0.989141366696	0.81701498688	0.93546315466	0.90545801598	0.868711942654	0.637170200111	0.969602893438	0.98075001646	0.916813323795	0.960123019199	0.9787958296	0.75505198899
alpha_rarefaction_44640_3.txt	44640	3	0.989100949773	0.81701498688	0.93587411157	0.905318343241	0.869272576671	0.638129199265	0.969451008305	0.980803589207	0.916618517635	0.959528953652	0.978709615193	0.755675655142
alpha_rarefaction_44640_4.txt	44640	4	0.98908428419	0.81701498688	0.935720924705	0.905423311823	0.868282306842	0.637795585512	0.969422266824	0.980735884086	0.916704719998	0.960579154342	0.978725615357	0.75763003972
alpha_rarefaction_44640_5.txt	44640	5	0.989196080592	0.81701498688	0.93652187231	0.905058286884	0.868184458142	0.63554336223	0.96945511122	0.980714231374	0.917206031365	0.960118366285	0.97856969355	0.753153313927
alpha_rarefaction_44640_6.txt	44640	6	0.989081798153	0.81701498688	0.936529818195	0.904989163608	0.869819494828	0.636736091038	0.969052857949	0.980678821652	0.915832643827	0.959588657688	0.97908260609	0.754264266461
alpha_rarefaction_44640_7.txt	44640	7	0.989022092109	0.81701498688	0.935187601971	0.905581059267	0.868634650682	0.637973255378	0.969116454134	0.980702865055	0.916642984578	0.96038233386	0.978721235435	0.756999365092
alpha_rarefaction_44640_8.txt	44640	8	0.989077331917	0.81701498688	0.935841418725	0.905740749774	0.867631965722	0.636984902518	0.969265889361	0.980759222927	0.917319466725	0.960379123189	0.978800102131	0.756045559819
alpha_rarefaction_44640_9.txt	44640	9	0.98913546424	0.81701498688	0.936249388778	0.905434893926	0.866582406364	0.638172468558	0.969402611373	0.980715241044	0.916816544503	0.960236115326	0.978946822489	0.755721634285