Eigvals	12
0.234010826387	0.0922299104599	0.0789581046286	0.0714302641936	0.0695967465209	0.064697917346	0.0617965589362	0.0607075439812	0.0581553308402	0.0563454007917	0.0526632227099	0.0

Proportion explained	12
0.259841161584	0.102410334755	0.0876735745089	0.0793148039637	0.0772789008851	0.0718393343366	0.0686177212556	0.0674084998053	0.0645745709764	0.0625648591462	0.0584762387832	0.0

Species	0	0

Site	12	12
CK1	-0.0676004208569	-0.114273341887	0.0361170994678	0.0852264109509	0.118605719071	-0.023299483384	-0.044971530058	0.00777013775748	0.0686239325948	0.126441152202	-0.0386672874352	-0.0
CK2	-0.105173711026	-0.1603196788	0.0685714089856	-0.0705377990573	0.0225672109778	-0.0297270115754	0.0888746706691	0.0529180278533	0.0258002803771	-0.11688637272	0.0258287140412	-0.0
CK3	-0.0891024569517	-0.0419831107263	0.10469987238	0.0238726452997	-0.122207962337	-0.05892979739	-0.0390517792177	-0.115494559823	-0.0954268375777	0.0339851015472	0.03775198858	-0.0
JXBR161	0.222780689535	-0.0440238808779	-0.0536374873853	0.0731863080811	0.020785405085	0.0290881630725	-0.0697330707764	0.0475114115347	-0.0323580671451	-0.0326786015703	0.14514355775	-0.0
JXBR162	0.250851877329	0.0690148808491	0.0413191856544	-0.129164135994	0.0813888697882	-0.063421238872	0.0156206255727	-0.0962187440491	0.0378708319371	0.011718360366	-0.00137541617657	-0.0
JXBR163	0.247923665878	-0.0383910950596	0.0288150309592	0.0569361928944	-0.103355478081	0.0437248610277	0.0410976271066	0.0484853627405	-0.00689361512061	-0.00610262624972	-0.132138126871	-0.0
RW371	-0.0862260756632	0.183299217675	0.102341423129	0.124842598683	0.0576743951173	0.0165359010942	0.0573661128205	0.00920671986468	0.00816669512188	-0.0578662298442	0.0115059629273	-0.0
RW372	-0.0907888170168	0.0606431892369	0.0510052720146	-0.115930867935	0.0167740861525	0.0582082098276	-0.138313478238	0.0998470809911	-0.0582933882163	-0.000783774138914	-0.0409332125119	-0.0
RW373	-0.0602220128966	0.0311219607784	-0.0334981923907	-0.0646196465125	-0.0519749761691	0.108965903398	0.117660345051	0.023108900406	0.0144972686207	0.122526771656	0.0699009196282	-0.0
R37J161	-0.0941954741532	-0.0053660628375	-0.0850229407119	0.00451217330699	-0.0442575260641	0.0945633170034	-0.0686691756409	-0.109540510636	0.118672929468	-0.0736173206837	-0.0204357053144	-0.0
R37J162	-0.0669078804592	-0.0113412522761	-0.154476238879	0.0108397648346	0.0858780013853	-0.00690942848218	0.049800008827	-0.0451533250873	-0.14066474316	-0.01908521255	-0.0585751899425	-0.0
R37J163	-0.0613393837185	0.0716191739251	-0.106234433223	0.000836355449045	-0.0818777449257	-0.16879939572	-0.00968035611505	0.0775594984476	0.0600047131004	0.012348751985	0.00199379532539	-0.0

Biplot	0	0

Site constraints	0	0
