Eigvals	12
0.0179826446843	0.00577631732365	0.00189135948445	0.00116790106212	0.000770060846433	0.000728755480427	0.000505158302479	0.000384835003569	0.000319467539443	0.000211105005824	0.0	0.0

Proportion explained	12
0.604710596093	0.194242857674	0.063601608181	0.0392735417874	0.0258951873682	0.0245061929829	0.0169871886798	0.0129410222184	0.010742880683	0.00709892433241	0.0	0.0

Species	0	0

Site	12	12
CK1	-0.0302785877796	0.0339105837514	0.0107985212946	-0.00605226992492	-0.00168581550205	0.0197670589454	-4.44206991349e-05	-0.000765600514972	-0.00293049319954	-0.00105606808038	0.0	0.0
CK2	-0.0113095082069	0.05004990505	0.0104190612382	0.00372882492234	-0.00527249616239	-0.0162183863246	0.000503525288611	0.00167598505028	0.000247060989595	0.000494176806383	0.0	0.0
CK3	-0.0175570554696	0.00911895879157	-0.0109703865326	0.00830133281918	0.0201645428201	0.000474130955916	-0.00776602943593	0.00156666112983	0.00260487182363	0.000992773398533	0.0	0.0
JXBR161	0.0721990990798	-0.00108579972032	-0.00136261465688	-0.0234387758952	0.00436439842728	-0.00337872949464	-0.000442121712629	0.00322562371187	-0.00254890135151	-0.00280624840424	0.0	0.0
JXBR162	0.053316778452	0.0142126820753	-0.022873365727	0.00505090900545	-0.00483035567816	0.00396584973421	-0.00180711610261	-0.00112498416519	0.00222973615202	0.0033817457703	0.0	0.0
JXBR163	0.0725896997317	-0.0150596060338	0.0190049146269	0.0183305286471	-0.00190367021513	0.00386427092122	0.00202019695786	-0.0011539529739	-0.000233104734398	0.000219475852683	0.0	0.0
RW371	-0.0289212741847	-0.0266342993462	0.00974329417516	-0.000900477623488	-0.000552264890729	-0.00105376904903	-0.00366355295158	0.0117193170636	-0.00487647719287	0.00570241998982	0.0	0.0
RW372	-0.0263490776791	-0.0138820561564	-0.0126858386767	0.00380782036037	-0.012934561764	0.00103958136574	-0.00384100284664	0.00613746794464	0.00427173965698	-0.00779888405652	0.0	0.0
RW373	-0.0196549949453	-0.0183919571393	0.00653670809811	-0.00885260830579	-0.00616920116327	-0.0026352878685	-0.0102054691944	-0.0114070895961	0.00401184862476	0.00421200766324	0.0	0.0
R37J161	-0.0178102583414	-0.0145000192802	0.00994752131018	0.00147752114159	0.00869612348382	-0.00351745856155	0.00280747423607	-0.0047934989827	0.000856990336873	-0.0078470514829	0.0	0.0
R37J162	-0.0220082798417	-0.00846121617532	-0.00257552867651	-0.00523424193891	0.00172139533295	0.000909316339448	0.0159677998888	0.000993489562661	0.0088382439087	0.0040684043983	0.0	0.0
R37J163	-0.024216540815	-0.00927717581667	-0.0159822864736	0.00378143679232	-0.00159809468843	-0.00321657696366	0.00647071657162	-0.00607341823005	-0.0124715150142	0.000437248144775	0.0	0.0

Biplot	0	0

Site constraints	0	0
