#Length	Count
384	1
428	2
443	14907
455	1354
407	2
460	1470
445	2387
453	647
457	610
376	3
433	5
351	2
410	2
359	1
437	36
440	2173
463	371
424	2
368	1
458	5721
400	2
451	49
430	1
454	150
447	1238
395	1
379	4
414	2
462	430
477	4
415	3
423	650
468	214
452	95
394	1
480	7
475	42
441	36671
438	90
413	3
434	10
397	2
467	3114
481	2
474	127
419	1
444	4576
378	2
422	38
476	48
374	6
442	25557
429	3
417	4
406	5
396	2
482	5
431	3
382	3
432	1
409	1
459	1823
405	8
449	227
371	3
365	2
470	16
435	29
469	155
427	2
401	9
353	1
375	2
416	3
403	1
466	27137
418	6
381	1
471	4
465	8928
361	4
421	5
392	1
450	89
404	1
373	8
412	1
385	1
446	8449
420	1
464	1402
354	4
461	6002
399	1
355	3
473	12
479	1
426	17
436	28
390	1
425	8
356	1
472	3
456	312
448	1203
408	1
439	289
483	6
411	1
372	1
478	13
